NOW MOVING
[LIFT 1] 1290 0 0 127
[LIFT 2] 0 0 0 0
[LIFT 1] 1290 0 0 127
[LIFT 2] 0 0 0 0
[LIFT 1] 1290 0 0 127
[LIFT 2] 0 0 0 0
[LIFT 1] 1290 3 300 127
[LIFT 2] 0 0 0 0
[LIFT 1] 1290 16 1300 127
[LIFT 2] 0 0 0 0
[LIFT 1] 1290 29 1300 127
[LIFT 2] 0 0 0 0
[LIFT 1] 1290 47 1800 127
[LIFT 2] 0 0 0 0
[LIFT 1] 1290 62 1500 127
[LIFT 2] 0 0 0 0
[LIFT 1] 1290 84 2200 127
[LIFT 2] 0 0 0 0
[LIFT 1] 1290 99 1500 127
[LIFT 2] 0 0 0 0
[LIFT 1] 1290 117 1800 127
[LIFT 2] 0 0 0 0
[LIFT 1] 1290 132 1500 127
[LIFT 2] 0 0 0 0
[LIFT 1] 1290 146 1400 127
[LIFT 2] 0 0 0 0
[LIFT 1] 1290 165 1900 127
[LIFT 2] 0 0 0 0
[LIFT 1] 1290 178 1300 127
[LIFT 2] 0 0 0 0
[LIFT 1] 1290 194 1600 127
[LIFT 2] 0 0 0 0
[LIFT 1] 1290 214 2000 127
[LIFT 2] 0 0 0 0
[LIFT 1] 1290 231 1700 127
[LIFT 2] 0 0 0 0
[LIFT 1] 1290 249 1800 127
[LIFT 2] 0 0 0 0
[LIFT 1] 1290 266 1700 127
[LIFT 2] 0 0 0 0
[LIFT 1] 1290 290 2400 127
[LIFT 2] 0 0 0 0
[LIFT 1] 1290 310 2000 127
[LIFT 2] 0 0 0 0
[LIFT 1] 1290 328 1800 127
[LIFT 2] 0 0 0 0
[LIFT 1] 1290 354 2600 127
[LIFT 2] 0 0 0 0
[LIFT 1] 1290 376 2200 127
[LIFT 2] 0 0 0 0
[LIFT 1] 1290 402 2600 127
[LIFT 2] 0 0 0 0
[LIFT 1] 1290 420 1800 127
[LIFT 2] 0 0 0 0
[LIFT 1] 1290 442 2200 127
[LIFT 2] 0 0 0 0
[LIFT 1] 1290 470 2800 127
[LIFT 2] 0 0 0 0
[LIFT 1] 1290 490 2000 127
[LIFT 2] 0 0 0 0
[LIFT 1] 1290 512 2200 127
[LIFT 2] 0 0 0 0
[LIFT 1] 1290 532 2000 127
[LIFT 2] 0 0 0 0
[LIFT 1] 1290 558 2600 127
[LIFT 2] 0 0 0 0
[LIFT 1] 1290 580 2200 127
[LIFT 2] 0 0 0 0
[LIFT 1] 1290 598 1800 127
[LIFT 2] 0 0 0 0
[LIFT 1] 1290 626 2800 127
[LIFT 2] 0 0 0 0
[LIFT 1] 1290 650 2400 127
[LIFT 2] 0 0 0 0
[LIFT 1] 1290 668 1800 127
[LIFT 2] 0 0 0 0
[LIFT 1] 1290 694 2600 127
[LIFT 2] 0 0 0 0
[LIFT 1] 1290 714 2000 127
[LIFT 2] 0 0 0 0
[LIFT 1] 1290 734 2000 127
[LIFT 2] 0 0 0 0
[LIFT 1] 1290 756 2200 127
[LIFT 2] 0 0 0 0
[LIFT 1] 1290 775 1900 127
[LIFT 2] 0 0 0 0
[LIFT 1] 1290 793 1800 127
[LIFT 2] 0 0 0 0
[LIFT 1] 1290 815 2200 127
[LIFT 2] 0 10 1000 127
[LIFT 1] 1290 833 1800 127
[LIFT 2] 0 10 0 100
[LIFT 1] 1290 852 1900 127
[LIFT 2] 0 10 0 100
[LIFT 1] 1290 876 2400 127
[LIFT 2] 0 10 0 100
[LIFT 1] 1290 894 1800 127
[LIFT 2] 0 10 0 100
[LIFT 1] 1290 911 1700 127
[LIFT 2] 0 10 0 100
[LIFT 1] 1290 934 2300 127
[LIFT 2] 0 10 0 100
[LIFT 1] 1290 955 2100 127
[LIFT 2] 0 10 0 100
[LIFT 1] 1290 973 1800 127
[LIFT 2] 0 0 -1000 -100
[LIFT 1] 1290 999 2600 127
[LIFT 2] 0 0 0 0
[LIFT 1] 1290 1017 1800 127
[LIFT 2] 0 0 0 0
[LIFT 1] 1290 1037 2000 126
[LIFT 2] 0 0 0 0
[LIFT 1] 1290 1061 2400 114
[LIFT 2] 0 -10 -1000 -127
[LIFT 1] 1290 1081 2000 104
[LIFT 2] 0 -10 0 -100
[LIFT 1] 1290 1102 2100 94
[LIFT 2] 0 -10 0 -100
[LIFT 1] 1290 1125 2300 82
[LIFT 2] 0 -10 0 -100
[LIFT 1] 1290 1147 2200 71
[LIFT 2] 0 -10 0 -100
[LIFT 1] 1290 1166 1FT 2] 0 -10 0 -100
[LIFT 1] 1290 1293 1900 -1
[LIFT 2] 0 -10 0 -100
[LIFT 1] 1290 1316 2300 -13
[LIFT 2] 0 0 1000 100
[LIFT 1] 1290 1337 2100 -23
[LIFT 2] 0 0 0 0
[LIFT 1] 1290 1353 1600 -31
[LIFT  0
[LIFT 1] 1290 1390 0 -50
[LIFT 2] 0 0 0 0
[LIFT 1] 1290 1388 -200 -49
[LIFT 2] 0 0 0 0
[LIFT 1] 1290 1386 -200 -48
[LIFT 2] 0 0 0 0
[LIFT 1] 1290 1384 -200 -47
[LIFT 2] 0 0 0 0
[LIFT 1] 1290 138 0 -47
[LIFT 2] 0 10 0 100
[LIFT 1] 1290 1384 0 -47
[LIFT 2] 0 10 0 100
[LIFT 1] 1290 1383 -100 -46
[LIFT 2] 0 10 0 100
[LIFT 1] 1290 1379 -400 -44
[LIFT 2] 0 10 0 100
[LIFT 1] 1290 1375 -400 -42
[4 -900 -27
[LIFT 2] 0 0 0 0
[LIFT 1] 1290 1335 -900 -22
[LIFT 2] 0 -10 -1000 -127
[LIFT 1] 1290 1327 -800 -18
[LIFT 2] 0 -10 0 -100
[LIFT 1] 1290 1318 -900 -14
[LIFT 2] 0 -10 0 -100
[LIFT 1] 1290 11] 1290 1304 0 -7
[LIFT 2] 0 -10 0 -100
[LIFT 1] 1290 1304 0 -7
[LIFT 2] 0 -10 0 -100
[LIFT 1] 1290 1305 100 -7
[LIFT 2] 0 -10 0 -100
[LIFT 1] 1290 1305 0 -7
[LIFT 2] 0 -10 0 -100
[LIFT 1] 1290 130LIFT 1] 1290 1305 -200 -7
[LIFT 2] 0 10 1000 127
[LIFT 1] 1290 1305 0 -7
[LIFT 2] 0 0 -1000 -100
[LIFT 1] 1290 1304 -100 -7
[LIFT 2] 0 10 1000 127
[LIFT 1] 1290 1304 0 -7
[LIFT 2] 0 10 0 100
[LIFT 1] 1290 1302 -200 -6
[LIFT 2] 0 10 0 100
[LIFT 1] 1290 1300 -200 -5
[LIFT 2] 0 10 0 100
[LIFT 1] 1290 1298 -200 -4
[LIFT 2] 0 10 0 100
[LIFT 1] 1290 1296 -200 -3
[LIFT 2] 0 10 0 100
[LIFT 1] 1290 1294 -200 -2
[LIFT 2] 0 10 0 100
[LIFT 1] 1290 1293 -100 -1
[LIFT 2] 0 10 0 100
[LIFT 1] 1290 1291 -200 0
[LIFT 2] 0 10 0 100
[LIFT 1] 1290 1289 -200 0
[LIFT 2] 0 0 -1000 -100
[LIFT 1] 1290 1285 -400 2
[LIFT 2] 0 0 0 0
[LIFT 1] 1290 1274 -1100 8
[LIFT 2] 0 -10 -1000 -127
[LIFT 1] 1290 1263 -1100 13
[LIFT 2] 0 -10 0 -100
[LIFT 1] 1290 1256 -700 17
[LIFT 2] 0 -10 0 -100
[LIFT 1] 1290 1250 -600 20
[LIFT 2] 0 -10 0 -100
[LIFT 1] 1290 1247 -300 21
[LIFT 2] 0 -10 0 -100
[LIFT 1] 1290 1247 0 21
[LIFT 2] 0 -10 0 -100
[LIFT 1] 1290 1250 300 20
[LIFT 2] 0 -10 0 -100
[LIFT 1] 1290 1252 200 19
[LIFT 2] 0 -10 0 -100
[LIFT 1] 1290 1256 400 17
[LIFT 2] 0 -10 0 -100
[LIFT 1] 1290 1261 500 14
[LIFT 2] 0 -10 0 -100
[LIFT 1] 1290 1267 600 11
[LIFT 2] 0 0 1000 100
[LIFT 1] 1290 1272 500 9
[LIFT 2] 0 0 0 0
[LIFT 1] 1290 1280 800 5
[LIFT 2] 0 0 0 0
[LIFT 1] 1290 1285 454 2
[LIFT 2] 0 0 0 0
[LIFT 1] 1290 1291 600 0
[LIFT 2] 0 0 0 0
[LIFT 1] 1290 1296 500 -3
[LIFT 2] 0 0 0 0
[LIFT 1] 1290 1300 400 -5
[LIFT 2] 0 0 0 0
[LIFT 1] 1290 1302 200 -6
[LIFT 2] 0 0 0 0
[LIFT 1] 1290 1305 300 -7
[LIFT 2] 0 0 0 0
[LIFT 1] 1290 1307 200 -8
[LIFT 2] 0 0 0 0
[LIFT 1] 1290 1307 0 -8
[LIFT 2] 0 0 0 0
[LIFT 1] 1290 1307 0 -8
[LIFT 2] 0 0 0 0
[LIFT 1] 1290 1307 0 -8
[LIFT 2] 0 0 0 0
[LIFT 1] 1290 1307 0 -8
[LIFT 2] 0 0 0 0
[LIFT 1] 1290 1307 0 -8
[LIFT 2] 0 0 0 0
[LIFT 1] 1290 1307 0 -8
[LIFT 2] 0 0 0 0
[LIFT 1] 1290 1307 0 -8
[LIFT 2] 0 0 0 0
[LIFT 1] 1290 1307 0 -8
[LIFT 2] 0 0 0 0
[LIFT 1] 1290 1307 0 -8
[LIFT 2] 0 0 0 0
[LIFT 1] 1290 1307 0 -8
[LIFT 2] 0 0 0 0
[LIFT 1] 1290 1307 0 -8
[LIFT 2] 0 0 0 0
[LIFT 1] 1290 1309 200 -9
[LIFT 2] 0 0 0 0
[LIFT 1] 1290 1309 0 -9
[LIFT 2] 0 0 0 0
[LIFT 1] 1290 1309 0 -9
[LIFT 2] 0 0 0 0
[LIFT 1] 1290 1309 0 -9
[LIFT 2] 0 0 0 0
[LIFT 1] 1290 1309 0 -9
[LIFT 2] 0 0 0 0
[LIFT 1] 1290 1311 200 -10
[LIFT 2] 0 0 0 0
[LIFT 1] 1290 1311 0 -10
[LIFT 2] 0 0 0 0
[LIFT 1] 1290 1313 200 -11
[LIFT 2] 0 0 0 0
[LIFT 1] 1290 1313 0 -11
[LIFT 2] 0 0 0 0
[LIFT 1] 1290 1313 0 -11
[LIFT 2] 0 0 0 0
[LIFT 1] 1290 1313 0 -11
[LIFT 2] 0 0 0 0
[LIFT 1] 1290 1313 0 -11
[LIFT 2] 0 0 0 0
[LIFT 1] 1290 1313 0 -11
[LIFT 2] 0 0 0 0
[LIFT 1] 1290 1313 0 -11
[LIFT 2] 0 0 0 0
[LIFT 1] 1290 1313 0 -11
[LIFT 2] 0 0 0 0
[LIFT 1] 1290 1313 0 -11
[LIFT 2] 0 0 0 0
[LIFT 1] 1290 1313 0 -11
[LIFT 2] 0 0 0 0
[LIFT 1] 1290 1313 0 -11
[LIFT 2] 0 0 0 0
[LIFT 1] 1290 1313 0 -11
[LIFT 2] 0 0 0 0
[LIFT 1] 1290 1313 0 -11
[LIFT 2] 0 0 0 0
[LIFT 1] 1290 1313 0 -11
[LIFT 2] 0 0 0 0
[LIFT 1] 1290 1313 0 -11
[LIFT 2] 0 0 0 0
[LIFT 1] 1290 1313 0 -11
[LIFT 2] 0 0 0 0
[LIFT 1] 1290 1313 0 -11
[LIFT 2] 0 0 0 0
[LIFT 1] 1290 1313 0 -11
[LIFT 2] 0 0 0 0
[LIFT 1] 1290 1313 0 -11
[LIFT 2] 0 0 0 0
[LIFT 1] 1290 1313 0 -11
[LIFT 2] 0 0 0 0
[LIFT 1] 1290 1313 0 -11
[LIFT 2] 0 0 0 0
[LIFT 1] 1290 1313 0 -11
[LIFT 2] 0 0 0 0
[LIFT 1] 1290 1313 0 -11
[LIFT 2] 0 0 0 0
[LIFT 1] 1290 1313 0 -11
[LIFT 2] 0 0 0 0
[LIFT 1] 1290 1313 0 -11
[LIFT 2] 0 0 0 0
[LIFT 1] 1290 1313 0 -11
[LIFT 2] 0 0 0 0
[LIFT 1] 1290 1313 0 -11
[LIFT 2] 0 0 0 0
[LIFT 1] 1290 1313 0 -11
[LIFT 2] 0 0 0 0
[LIFT 1] 1290 1313 0 -11
[LIFT 2] 0 0 0 0
[LIFT 1] 1290 1313 0 -11
[LIFT 2] 0 0 0 0
[LIFT 1] 1290 1313 0 -11
[LIFT 2] 0 0 0 0
[LIFT 1] 1290 1313 0 -11
[LIFT 2] 0 0 0 0
[LIFT 1] 1290 1313 0 -11
[LIFT 2] 0 0 0 0
[LIFT 1] 1290 1313 0 -11
[LIFT 2] 0 0 0 0
[LIFT 1] 1290 1313 0 -11
[LIFT 2] 0 0 0 0
[LIFT 1] 1290 1313 0 -11
[LIFT 2] 0 0 0 0
[LIFT 1] 1290 1313 0 -11
[LIFT 2] 0 0 0 0
[LIFT 1] 1290 1313 0 -11
[LIFT 2] 0 0 0 0
[LIFT 1] 1290 1313 0 -11
[LIFT 2] 0 0 0 0
[LIFT 1] 1290 1313 0 -11
[LIFT 2] 0 0 0 0
[LIFT 1] 1290 1313 0 -11
[LIFT 2] 0 0 0 0
[LIFT 1] 1290 1313 0 -11
[LIFT 2] 0 0 0 0
[LIFT 1] 1290 1313 0 -11
[LIFT 2] 0 0 0 0
