Default: 0 Min: -127 Max: 127 KP : -10.00 KD: -0.10
NOW MOVING
[LIFT 1] 1290 0 0 127
[LIFT 2] 0 0 0 0
[LIFT 1] 1290 0 0 127
[LIFT 2] 0 0 0 0
[LIFT 1] 1290 0 0 127
[LIFT 2] 0 0 0 0
[LIFT 1] 1290 0 0 127
[LIFT 2] 0 0 0 0
[LIFT 1] 1290 0 0 127
[LIFT 2] 0 0 0 0
[LIFT 1] 1290 7 700 127
[LIFT 2] 0 0 0 0
[LIFT 1] 1290 18 1100 127
[LIFT 2] 0 0 0 0
[LIFT 1] 1290 31 1300 127
[LIFT 2] 0 0 0 0
[LIFT 1] 1290 47 1600 127
[LIFT 2] 0 0 0 0
[LIFT 1] 1290 66 1900 127
[LIFT 2] 0 0 0 0
[LIFT 1] 1290 84 1800 127
[LIFT 2] 0 0 0 0
[LIFT 1] 1290 102 1800 127
[LIFT 2] 0 0 0 0
[LIFT 1] 1290 117 1500 127
[LIFT 2] 0 0 0 0
[LIFT 1] 1290 134 1700 127
[LIFT 2] 0 0 0 0
[LIFT 1] 1290 150 1600 127
[LIFT 2] 0 0 0 0
[LIFT 1] 1290 163 1300 127
[LIFT 2] 0 0 0 0
[LIFT 1] 1290 176 1300 127
[LIFT 2] 0 0 0 0
[LIFT 1] 1290 196 2000 127
[LIFT 2] 0 0 0 0
[LIFT 1] 1290 213 1700 127
[LIFT 2] 0 0 0 0
[LIFT 1] 1290 231 1800 127
[LIFT 2] 0 0 0 0
[LIFT 1] 1290 251 2000 127
[LIFT 2] 0 0 0 0
[LIFT 1] 1290 271 2000 127
[LIFT 2] 0 0 0 0
[LIFT 1] 1290 290 1900 127
[LIFT 2] 0 0 0 0
[LIFT 1] 1290 314 2400 127
[LIFT 2] 0 0 0 0
[LIFT 1] 1290 332 1800 127
[LIFT 2] 0 0 0 0
[LIFT 1] 1290 350 1800 127
[LIFT 2] 0 0 0 0
[LIFT 1] 1290 376 2600 127
[LIFT 2] 0 0 0 0
[LIFT 1] 1290 400 2400 127
[LIFT 2] 0 0 0 0
[LIFT 1] 1290 420 2000 127
[LIFT 2] 0 0 0 0
[LIFT 1] 1290 446 2600 127
[LIFT 2] 0 0 0 0
[LIFT 1] 1290 464 1800 127
[LIFT 2] 0 0 0 0
[LIFT 1] 1290 484 2000 127
[LIFT 2] 0 0 0 0
[LIFT 1] 1290 510 2600 127
[LIFT 2] 0 0 0 0
[LIFT 1] 1290 532 2200 127
[LIFT 2] 0 0 0 0
[LIFT 1] 1290 558 2600 127
[LIFT 2] 0 0 0 0
[LIFT 1] 1290 582 2400 127
[LIFT 2] 0 0 0 0
[LIFT 1] 1290 602 2000 127
[LIFT 2] 0 0 0 0
[LIFT 1] 1290 622 2000 127
[LIFT 2] 0 0 0 0
[LIFT 1] 1290 646 2400 127
[LIFT 2] 0 0 0 0
[LIFT 1] 1290 668 2200 127
[LIFT 2] 0 0 0 0
[LIFT 1] 1290 692 2400 127
[LIFT 2] 0 0 0 0
[LIFT 1] 1290 714 2200 127
[LIFT 2] 0 0 0 0
[LIFT 1] 1290 734 2000 127
[LIFT 2] 0 0 0 0
[LIFT 1] 1290 753 1900 127
[LIFT 2] 0 0 0 0
[LIFT 1] 1290 775 2200 127
[LIFT 2] 0 0 0 0
[LIFT 1] 1290 795 2000 127
[LIFT 2] 0 0 0 0
[LIFT 1] 1290 815 2000 127
[LIFT 2] 0 0 0 0
[LIFT 1] 1290 837 2200 127
[LIFT 2] 0 0 0 0
[LIFT 1] 1290 855 1800 127
[LIFT 2] 0 0 0 0
[LIFT 1] 1290 876 2100 127
[LIFT 2] 0 0 0 0
[LIFT 1] 1290 898 2200 127
[LIFT 2] 0 0 0 0
[LIFT 1] 1290 914 1600 127
[LIFT 2] 0 0 0 0
[LIFT 1] 1290 933 1900 127
[LIFT 2] 0 0 0 0
[LIFT 1] 1290 956 2300 127
[LIFT 2] 0 0 0 0
[LIFT 1] 1290 978 2200 124
[LIFT 2] 0 0 0 0
[LIFT 1] 1290 1001 2300 115
[LIFT 2] 0 0 0 0
[LIFT 1] 1290 1023 2200 106
[LIFT 2] 0 0 0 0
[LIFT 1] 1290 1045 2200 98
[LIFT 2] 0 0 0 0
[LIFT 1] 1290 1061 1600 91
[LIFT 2] 0 0 0 0
[LIFT 1] 1290 1085 2400 82
[LIFT 2] 0 0 0 0
[LIFT 1] 1290 1105 2000 74
[LIFT 2] 0 0 0 0
[LIFT 1] 1290 1129 2400 64
[LIFT 2] 0 0 0 0
[LIFT 1] 1290 1153 2400 54
[LIFT 2] 0 0 0 0
[LIFT 1] 1290 1175 2200 46
[LIFT 2] 0 0 0 0
[LIFT 1] 1290 1193 1800 38
[LIFT 2] 0 0 0 0
[LIFT 1] 1290 1215 2200 30
[LIFT 2] 0 0 0 0
[LIFT 1] 1290 1237 2200 21
[LIFT 2] 0 0 0 0
[LIFT 1] 1290 1256 1900 13
[LIFT 2] 0 0 0 0
[LIFT 1] 1290 1280 2400 4
[LIFT 2] 0 0 0 0
[LIFT 1] 1290 1300 2000 -4
[LIFT 2] 0 0 0 0
[LIFT 1] 1290 1322 2200 -12
[LIFT 2] 0 0 0 0
[LIFT 1] 1290 1344 2200 -21
[LIFT 2] 0 0 0 0
[LIFT 1] 1290 1362 1800 -28
[LIFT 2] 0 0 0 0
[LIFT 1] 1290 1379 1700 -35
[LIFT 2] 0 0 0 0
[LIFT 1] 1290 1392 1300 -40
[LIFT 2] 0 0 0 0
[LIFT 1] 1290 1397 500 -42
[LIFT 2] 0 0 0 0
[LIFT 1] 1290 1403 600 -45
[LIFT 2] 0 0 0 0
[LIFT 1] 1290 1403 0 -45
[LIFT 2] 0 0 0 0
[LIFT 1] 1290 1403 0 -45
[LIFT 2] 0 0 0 0
[LIFT 1] 1290 1403 0 -45
[LIFT 2] 0 0 0 0
[LIFT 1] 1290 1403 0 -45
[LIFT 2] 0 0 0 0
[LIFT 1388 -600 -39
[LIFT 2] 0 0 0 0
[LIFT 1] 1290 1381 -700 -36
[LIFT 2] 0 0 0 0
[LIFT 1] 1290 1373 -800 -33
[LIFT 2] 0 0 0 0
[LIFT 1] 1290 1366 -700 -30
[LIFT 2] 0 0 0 0
[LIFT 1] 1290 1355 -1100 -26
[LT 2] 0 0 0 0
[LIFT 1] 1290 1326 -500 -14
[LIFT 2] 0 0 0 0
[LIFT 1] 1290 1324 -200 -13
[LIFT 2] 0 0 0 0
[LIFT 1] 1290 1322 -200 -12
[LIFT 2] 0 0 0 0
[LIFT 1] 1290 1322 0 -12
[LIFT 2] 0 0 0 0
[LIFT 1-12
[LIFT 2] 0 0 0 0
[LIFT 1] 1290 1318 -200 -11
[LIFT 2] 0 0 0 0
[LIFT 1] 1290 1318 0 -11
[LIFT 2] 0 0 0 0
[LIFT 1] 1290 1316 -200 -10
[LIFT 2] 0 0 0 0
[LIFT 1] 1290 1315 -100 -10
[LIFT 2] 0 0 0 0
[LIFT 1] 1290 1313 -200 -9
[LIFT 2] 0 0 0 0
[LIFT 1] 1290 1311 -200 -8
[LIFT 2] 0 0 0 0
[LIFT 1] 1290 1309 -200 -7
[LIFT 2] 0 0 0 0
[LIFT 1] 1290 1305 -400 -6
[LIFT 2] 0 0 0 0
[LIFT 1] 1290 1302 -300 -4
[LIFT 2] 0 0 0 0
[LIFT 1] 1290 1300 -200 -4
[LIFT 2] 0 0 0 0
[LIFT 1] 1290 1296 -400 -2
[LIFT 2] 0 0 0 0
[LIFT 1] 1290 1294 -200 -1
[LIFT 2] 0 0 0 0
[LIFT 1] 1290 1293 -100 -1
[LIFT 2] 0 0 0 0
[LIFT 1] 1290 1291 -200 0
[LIFT 2] 0 0 0 0
[LIFT 1] 1290 1289 -200 0
[LIFT 2] 0 0 0 0
[LIFT 1] 1290 1287 -200 1
[LIFT 2] 0 0 0 0
[LIFT 1] 1290 1280 -700 4
[LIFT 2] 0 0 0 0
[LIFT 1] 1290 1271 -900 7
[LIFT 2] 0 0 0 0
[LIFT 1] 1290 1263 -800 10
[LIFT 2] 0 0 0 0
[LIFT 1] 1290 1254 -900 14
[LIFT 2] 0 0 0 0
[LIFT 1] 1290 1252 -200 15
[LIFT 2] 0 0 0 0
[LIFT 1] 1290 1252 0 15
[LIFT 2] 0 0 0 0
[LIFT 1] 1290 1254 200 14
[LIFT 2] 0 0 0 0
[LIFT 1] 1290 1256 200 13
[LIFT 2] 0 0 0 0
[LIFT 1] 1290 1260 400 12
[LIFT 2] 0 0 0 0
[LIFT 1] 1290 1263 300 10
[LIFT 2] 0 0 0 0
[LIFT 1] 1290 1267 400 9
[LIFT 2] 0 0 0 0
[LIFT 1] 1290 1272 500 7
[LIFT 2] 0 0 0 0
[LIFT 1] 1290 1276 400 5
[LIFT 2] 0 0 0 0
[LIFT 1] 1290 1280 400 4
[LIFT 2] 0 0 0 0
[LIFT 1] 1290 1283 300 2
[LIFT 2] 0 0 0 0
[LIFT 1] 1290 1287 400 1
[LIFT 2] 0 0 0 0
[LIFT 1] 1290 1291 400 0
[LIFT 2] 0 0 0 0
[LIFT 1] 1290 1293 200 -1
[LIFT 2] 0 0 0 0
[LIFT 1] 1290 1294 100 -1
[LIFT 2] 0 0 0 0
[LIFT 1] 1290 1296 200 -2
[LIFT 2] 0 0 0 0
[LIFT 1] 1290 1302 600 -4
[LIFT 2] 0 0 0 0
[LIFT 1] 1290 1311 900 -8
[LIFT 2] 0 0 0 0
[LIFT 1] 1290 1311 0 -8
[LIFT 2] 0 0 0 0
[LIFT 1] 1290 1305 -600 -6
[LIFT 2] 0 0 0 0
[LIFT 1] 1290 1300 -500 -4
[LIFT 2] 0 0 0 0
[LIFT 1] 1290 1294 -600 -1
[LIFT 2] 0 0 0 0
[LIFT 1] 1290 1291 -300 0
[LIFT 2] 0 0 0 0
[LIFT 1] 1290 1289 -200 0
[LIFT 2] 0 0 0 0
[LIFT 1] 1290 1289 0 0
[LIFT 2] 0 0 0 0
[LIFT 1] 1290 1289 0 0
[LIFT 2] 0 0 0 0
[LIFT 1] 1290 1289 0 0
[LIFT 2] 0 0 0 0
[LIFT 1] 1290 1289 0 0
[LIFT 2] 0 0 0 0
[LIFT 1] 1290 1291 200 0
[LIFT 2] 0 0 0 0
[LIFT 1] 1290 1293 200 -1
[LIFT 2] 0 0 0 0
[LIFT 1] 1290 1293 0 -1
[LIFT 2] 0 0 0 0
[LIFT 1] 1290 1294 100 -1
[LIFT 2] 0 0 0 0
[LIFT 1] 1290 1296 200 -2
[LIFT 2] 0 0 0 0
[LIFT 1] 1290 1296 0 -2
[LIFT 2] 0 0 0 0
[LIFT 1] 1290 1293 -300 -1
[LIFT 2] 0 0 0 0
[LIFT 1] 1290 1282 -1100 3
[LIFT 2] 0 0 0 0
[LIFT 1] 1290 1271 -1100 7
[LIFT 2] 0 0 0 0
[LIFT 1] 1290 1256 -1500 13
[LIFT 2] 0 0 0 0
[LIFT 1] 1290 1241 -1500 19
[LIFT 2] 0 0 0 0
[LIFT 1] 1290 1228 -1300 24
[LIFT 2] 0 0 0 0
[LIFT 1] 1290 1223 -500 26
[LIFT 2] 0 0 0 0
[LIFT 1] 1290 1219 -400 28
[LIFT 2] 0 0 0 0
[LIFT 1] 1290 1221 200 27
[LIFT 2] 0 0 0 0
[LIFT 1] 1290 1221 0 27
[LIFT 2] 0 0 0 0
[LIFT 1] 1290 1225 400 26
[LIFT 2] 0 0 0 0
[LIFT 1] 1290 1228 300 24
[LIFT 2] 0 0 0 0
[LIFT 1] 1290 1234 600 22
[LIFT 2] 0 0 0 0
[LIFT 1] 1290 1239 500 20
[LIFT 2] 0 0 0 0
[LIFT 1] 1290 1243 400 18
[LIFT 2] 0 0 0 0
[LIFT 1] 1290 1248 500 16
[LIFT 2] 0 0 0 0
[LIFT 1] 1290 1250 200 16
[LIFT 2] 0 0 0 0
[LIFT 1] 1290 1252 200 15
[LIFT 2] 0 0 0 0
[LIFT 1] 1290 1252 0 15
[LIFT 2] 0 0 0 0
[LIFT 1] 1290 1252 0 15
[LIFT 2] 0 0 0 0
[LIFT 1] 1290 1252 0 15
[LIFT 2] 0 0 0 0
[LIFT 1] 1290 1252 0 15
[LIFT 2] 0 0 0 0
[LIFT 1] 1290 1252 0 15
[LIFT 2] 0 0 0 0
[LIFT 1] 1290 1252 0 15
[LIFT 2] 0 0 0 0
[LIFT 1] 1290 1252 0 15
[LIFT 2] 0 0 0 0
[LIFT 1] 1290 1252 0 15
[LIFT 2] 0 0 0 0
[LIFT 1] 1290 1254 200 14
[LIFT 2] 0 0 0 0
[LIFT 1] 1290 1256 200 13
[LIFT 2] 0 0 0 0
[LIFT 1] 1290 1258 200 12
[LIFT 2] 0 0 0 0
[LIFT 1] 1290 1260 200 12
[LIFT 2] 0 0 0 0
[LIFT 1] 1290 1261 100 11
[LIFT 2] 0 0 0 0
[LIFT 1] 1290 1265 400 10
[LIFT 2] 0 0 0 0
[LIFT 1] 1290 1267 200 9
[LIFT 2] 0 0 0 0
[LIFT 1] 1290 1271 400 7
[LIFT 2] 0 0 0 0
[LIFT 1] 1290 1274 300 6
[LIFT 2] 0 0 0 0
[LIFT 1] 1290 1278 400 4
[LIFT 2] 0 0 0 0
[LIFT 1] 1290 1282 400 3
[LIFT 2] 0 0 0 0
[LIFT 1] 1290 1287 500 1
[LIFT 2] 0 0 0 0
[LIFT 1] 1290 1293 600 -1
[LIFT 2] 0 0 0 0
[LIFT 1] 1290 1296 300 -2
[LIFT 2] 0 0 0 0
