Default: 0 Min: -127 Max: 127 KP : -10.00 KD: -0.10
NOW MOVING
[LIFT 1] 1290 0 0 127
[LIFT 2] 0 0 0 0
[LIFT 1] 1290 0 0 127
[LIFT 2] 0 0 0 0
[LIFT 1] 1290 0 0 127
[LIFT 2] 0 0 0 0
[LIFT 1] 1290 0 0 127
[LIFT 2] 0 0 0 0
[LIFT 1] 1290 1 100 127
[LIFT 2] 0 0 0 0
[LIFT 1] 1290 9 800 127
[LIFT 2] 0 0 0 0
[LIFT 1] 1290 25 1600 127
[LIFT 2] 0 0 0 0
[LIFT 1] 1290 40 1500 127
[LIFT 2] 0 0 0 0
[LIFT 1] 1290 55 1500 127
[LIFT 2] 0 0 0 0
[LIFT 1] 1290 77 2200 127
[LIFT 2] 0 0 0 0
[LIFT 1] 1290 93 1600 127
[LIFT 2] 0 0 0 0
[LIFT 1] 1290 108 1500 127
[LIFT 2] 0 0 0 0
[LIFT 1] 1290 126 1800 127
[LIFT 2] 0 0 0 0
[LIFT 1] 1290 141 1500 127
[LIFT 2] 0 0 0 0
[LIFT 1] 1290 154 1300 127
[LIFT 2] 0 0 0 0
[LIFT 1] 1290 172 1800 127
[LIFT 2] 0 0 0 0
[LIFT 1] 1290 191 1900 127
[LIFT 2] 0 0 0 0
[LIFT 1] 1290 205 1400 127
[LIFT 2] 0 0 0 0
[LIFT 1] 1290 225 2000 127
[LIFT 2] 0 0 0 0
[LIFT 1] 1290 242 1700 127
[LIFT 2] 0 0 0 0
[LIFT 1] 1290 266 2400 127
[LIFT 2] 0 0 0 0
[LIFT 1] 1290 282 1600 127
[LIFT 2] 0 0 0 0
[LIFT 1] 1290 306 2400 127
[LIFT 2] 0 0 0 0
[LIFT 1] 1290 325 1900 127
[LIFT 2] 0 0 0 0
[LIFT 1] 1290 350 2500 127
[LIFT 2] 0 0 0 0
[LIFT 1] 1290 371 2100 127
[LIFT 2] 0 0 0 0
[LIFT 1] 1290 391 2000 127
[LIFT 2] 0 0 0 0
[LIFT 1] 1290 416 2500 127
[LIFT 2] 0 0 0 0
[LIFT 1] 1290 435 1900 127
[LIFT 2] 0 0 0 0
[LIFT 1] 1290 455 2000 127
[LIFT 2] 0 0 0 0
[LIFT 1] 1290 484 2900 127
[LIFT 2] 0 0 0 0
[LIFT 1] 1290 505 2100 127
[LIFT 2] 0 0 0 0
[LIFT 1] 1290 525 2000 127
[LIFT 2] 0 0 0 0
[LIFT 1] 1290 552 2700 127
[LIFT 2] 0 0 0 0
[LIFT 1] 1290 576 2400 127
[LIFT 2] 0 0 0 0
[LIFT 1] 1290 596 2000 127
[LIFT 2] 0 0 0 0
[LIFT 1] 1290 622 2600 127
[LIFT 2] 0 0 0 0
[LIFT 1] 1290 641 1900 127
[LIFT 2] 0 0 0 0
[LIFT 1] 1290 668 2700 127
[LIFT 2] 0 0 0 0
[LIFT 1] 1290 686 1800 127
[LIFT 2] 0 0 0 0
[LIFT 1] 1290 710 2400 127
[LIFT 2] 0 0 0 0
[LIFT 1] 1290 729 1900 127
[LIFT 2] 0 0 0 0
[LIFT 1] 1290 753 2400 127
[LIFT 2] 0 0 0 0
[LIFT 1] 1290 773 2000 127
[LIFT 2] 0 0 0 0
[LIFT 1] 1290 789 1600 127
[LIFT 2] 0 0 0 0
[LIFT 1] 1290 811 2200 127
[LIFT 2] 0 0 0 0
[LIFT 1] 1290 830 1900 127
[LIFT 2] 0 0 0 0
[LIFT 1] 1290 846 1600 127
[LIFT 2] 0 0 0 0
[LIFT 1] 1290 870 2400 127
[LIFT 2] 0 0 0 0
[LIFT 1] 1290 892 2200 127
[LIFT 2] 0 0 0 0
[LIFT 1] 1290 911 1900 127
[LIFT 2] 0 0 0 0
[LIFT 1] 1290 934 2300 119
[LIFT 2] 0 0 0 0
[LIFT 1] 1290 955 2100 113
[LIFT 2] 0 0 0 0
[LIFT 1] 1290 973 1800 108
[LIFT 2] 0 0 0 0
[LIFT 1] 1290 999 2600 90
[LIFT 2] 0 0 0 0
[LIFT 1] 1290 1017 1800 91
[LIFT 2] 0 0 0 0
[LIFT 1] 1290 1043 2600 72
[LIFT 2] 0 0 0 0
[LIFT 1] 1290 1061 1800 73
[LIFT 2] 0 0 0 0
[LIFT 1] 1290 1083 2200 60
[LIFT 2] 0 0 0 0
[LIFT 1] 1290 1103 2000 54
[LIFT 2] 0 0 0 0
[LIFT 1] 1290 1129 2600 38
[LIFT 2] 0 0 0 0
[LIFT 1] 1290 1149 2000 36
[LIFT 2] 0 0 0 0
[LIFT 1] 1290 1168 1900 29
[LIFT 2] 0 0 0 0
[LIFT 1 0 0 0
[LIFT 1] 1290 1252 2400 -8
[LIFT 2] 0 0 0 0
[LIFT 1] 1290 1274 2200 -15
[LIFT 2] 0 0 0 0
[LIFT 1] 1290 1293 1900 -20
[LIFT 2] 0 0 0 0
[LIFT 1] 1290 1315 2200 -32
[LIFT 2] 0 0 0 0
[LIFT 1] 12[LIFT 1] 1290 1361 0 -28
[LIFT 2] 0 0 0 0
[LIFT 1] 1290 1361 0 -28
[LIFT 2] 0 0 0 0
[LIFT 1] 1290 1361 0 -28
[LIFT 2] 0 0 0 0
[LIFT 1] 1290 1361 0 -28
[LIFT 2] 0 0 0 0
[LIFT 1] 1290 1361 0 -28
[LIF2] 0 0 0 0
[LIFT 1] 1290 1359 0 -27
[LIFT 2] 0 0 0 0
[LIFT 1] 1290 1357 -200 -24
[LIFT 2] 0 0 0 0
[LIFT 1] 1290 1353 -400 -21
[LIFT 2] 0 0 0 0
[LIFT 1] 1290 1350 -300 -21
[LIFT 2] 0 0 0 0
[LIFT 1] LIFT 1] 1290 1326 -500 -9
[LIFT 2] 0 0 0 0
[LIFT 1] 1290 1324 -200 -11
[LIFT 2] 0 0 0 0
[LIFT 1] 1290 1324 0 -13
[LIFT 2] 0 0 0 0
[LIFT 1] 1290 1324 0 -13
[LIFT 2] 0 0 0 0
[LIFT 1] 1290 1324 0 -13
IFT 2] 0 0 0 0
[LIFT 1] 1290 1322 -200 -10
[LIFT 2] 0 0 0 0
[LIFT 1] 1290 1322 0 -12
[LIFT 2] 0 0 0 0
[LIFT 1] 1290 1322 0 -12
[LIFT 2] 0 0 0 0
[LIFT 1] 1290 1320 -200 -10
[LIFT 2] 0 0 0 0
[LIFT 1] 1290 1318 -200 -9
[LIFT 2] 0 0 0 0
[LIFT 1] 1290 1316 -200 -8
[LIFT 2] 0 0 0 0
[LIFT 1] 1290 1316 0 -10
[LIFT 2] 0 0 0 0
[LIFT 1] 1290 1315 -100 -9
[LIFT 2] 0 0 0 0
[LIFT 1] 1290 1311 -400 -4
[LIFT 2] 0 0 0 0
[LIFT 1] 1290 1309 -200 -5
[LIFT 2] 0 0 0 0
[LIFT 1] 1290 1309 0 -7
[LIFT 2] 0 0 0 0
[LIFT 1] 1290 1307 -200 -4
[LIFT 2] 0 0 0 0
[LIFT 1] 1290 1304 -300 -2
[LIFT 2] 0 0 0 0
[LIFT 1] 1290 1304 0 -5
[LIFT 2] 0 0 0 0
[LIFT 1] 1290 1302 -200 -2
[LIFT 2] 0 0 0 0
[LIFT 1] 1290 1300 -200 -2
[LIFT 2] 0 0 0 0
[LIFT 1] 1290 1300 0 -4
[LIFT 2] 0 0 0 0
[LIFT 1] 1290 1300 0 -4
[LIFT 2] 0 0 0 0
[LIFT 1] 1290 1300 0 -4
[LIFT 2] 0 0 0 0
[LIFT 1] 1290 1300 0 -4
[LIFT 2] 0 0 0 0
[LIFT 1] 1290 1300 0 -4
[LIFT 2] 0 0 0 0
[LIFT 1] 1290 1300 0 -4
[LIFT 2] 0 0 0 0
[LIFT 1] 1290 1300 0 -4
[LIFT 2] 0 0 0 0
[LIFT 1] 1290 1300 0 -4
[LIFT 2] 0 0 0 0
[LIFT 1] 1290 1300 0 -4
[LIFT 2] 0 0 0 0
[LIFT 1] 1290 1300 0 -4
[LIFT 2] 0 0 0 0
[LIFT 1] 1290 1300 0 -4
[LIFT 2] 0 0 0 0
[LIFT 1] 1290 1300 0 -4
[LIFT 2] 0 0 0 0
[LIFT 1] 1290 1300 0 -4
[LIFT 2] 0 0 0 0
[LIFT 1] 1290 1300 0 -4
[LIFT 2] 0 0 0 0
[LIFT 1] 1290 1300 0 -4
[LIFT 2] 0 0 0 0
[LIFT 1] 1290 1302 200 -6
[LIFT 2] 0 0 0 0
[LIFT 1] 1290 1304 200 -7
[LIFT 2] 0 0 0 0
[LIFT 1] 1290 1304 0 -5
[LIFT 2] 0 0 0 0
[LIFT 1] 1290 1305 100 -7
[LIFT 2] 0 0 0 0
[LIFT 1] 1290 1307 200 -8
[LIFT 2] 0 0 0 0
[LIFT 1] 1290 1307 0 -6
[LIFT 2] 0 0 0 0
[LIFT 1] 1290 1309 200 -9
[LIFT 2] 0 0 0 0
[LIFT 1] 1290 1309 0 -7
[LIFT 2] 0 0 0 0
[LIFT 1] 1290 1309 0 -7
[LIFT 2] 0 0 0 0
[LIFT 1] 1290 1309 0 -7
[LIFT 2] 0 0 0 0
[LIFT 1] 1290 1309 0 -7
[LIFT 2] 0 0 0 0
[LIFT 1] 1290 1309 0 -7
[LIFT 2] 0 0 0 0
[LIFT 1] 1290 1309 0 -7
[LIFT 2] 0 0 0 0
[LIFT 1] 1290 1309 0 -7
[LIFT 2] 0 0 0 0
[LIFT 1] 1290 1309 0 -7
[LIFT 2] 0 0 0 0
[LIFT 1] 1290 1309 0 -7
[LIFT 2] 0 0 0 0
[LIFT 1] 1290 1309 0 -7
[LIFT 2] 0 0 0 0
[LIFT 1] 1290 1309 0 -7
[LIFT 2] 0 0 0 0
[LIFT 1] 1290 1309 0 -7
[LIFT 2] 0 0 0 0
[LIFT 1] 1290 1309 0 -7
[LIFT 2] 0 0 0 0
[LIFT 1] 1290 1309 0 -7
[LIFT 2] 0 0 0 0
[LIFT 1] 1290 1309 0 -7
[LIFT 2] 0 0 0 0
[LIFT 1] 1290 1309 0 -7
[LIFT 2] 0 0 0 0
[LIFT 1] 1290 1309 0 -7
[LIFT 2] 0 0 0 0
[LIFT 1] 1290 1309 0 -7
[LIFT 2] 0 0 0 0
[LIFT 1] 1290 1309 0 -7
[LIFT 2] 0 0 0 0
[LIFT 1] 1290 1309 0 -7
[LIFT 2] 0 0 0 0
[LIFT 1] 1290 1309 0 -7
[LIFT 2] 0 0 0 0
[LIFT 1] 1290 1309 0 -7
[LIFT 2] 0 0 0 0
[LIFT 1] 1290 1309 0 -7
[LIFT 2] 0 0 0 0
[LIFT 1] 1290 1309 0 -7
[LIFT 2] 0 0 0 0
[LIFT 1] 1290 1309 0 -7
[LIFT 2] 0 0 0 0
[LIFT 1] 1290 1309 0 -7
[LIFT 2] 0 0 0 0
[LIFT 1] 1290 1309 0 -7
[LIFT 2] 0 0 0 0
[LIFT 1] 1290 1309 0 -7
[LIFT 2] 0 0 0 0
[LIFT 1] 1290 1309 0 -7
[LIFT 2] 0 0 0 0
[LIFT 1] 1290 1309 0 -7
[LIFT 2] 0 0 0 0
[LIFT 1] 1290 1309 0 -7
[LIFT 2] 0 0 0 0
[LIFT 1] 1290 1309 0 -7
[LIFT 2] 0 0 0 0
[LIFT 1] 1290 1309 0 -7
[LIFT 2] 0 0 0 0
[LIFT 1] 1290 1309 0 -7
[LIFT 2] 0 0 0 0
[LIFT 1] 1290 1309 0 -7
[LIFT 2] 0 0 0 0
[LIFT 1] 1290 1309 0 -7
[LIFT 2] 0 0 0 0
[LIFT 1] 1290 1309 0 -7
[LIFT 2] 0 0 0 0
[LIFT 1] 1290 1309 0 -7
[LIFT 2] 0 0 0 0
[LIFT 1] 1290 1309 0 -7
[LIFT 2] 0 0 0 0
[LIFT 1] 1290 1309 0 -7
[LIFT 2] 0 0 0 0
[LIFT 1] 1290 1309 0 -7
[LIFT 2] 0 0 0 0
[LIFT 1] 1290 1309 0 -7
[LIFT 2] 0 0 0 0
[LIFT 1] 1290 1309 0 -7
[LIFT 2] 0 0 0 0
[LIFT 1] 1290 1309 0 -7
[LIFT 2] 0 0 0 0
[LIFT 1] 1290 1309 0 -7
[LIFT 2] 0 0 0 0
[LIFT 1] 1290 1309 0 -7
[LIFT 2] 0 0 0 0
[LIFT 1] 1290 1309 0 -7
[LIFT 2] 0 0 0 0
[LIFT 1] 1290 1309 0 -7
[LIFT 2] 0 0 0 0
[LIFT 1] 1290 1309 0 -7
[LIFT 2] 0 0 0 0
[LIFT 1] 1290 1309 0 -7
[LIFT 2] 0 0 0 0
[LIFT 1] 1290 1309 0 -7
[LIFT 2] 0 0 0 0
[LIFT 1] 1290 1309 0 -7
[LIFT 2] 0 0 0 0
[LIFT 1] 1290 1309 0 -7
[LIFT 2] 0 0 0 0
[LIFT 1] 1290 1309 0 -7
[LIFT 2] 0 0 0 0
[LIFT 1] 1290 1309 0 -7
[LIFT 2] 0 0 0 0
[LIFT 1] 1290 1309 0 -7
[LIFT 2] 0 0 0 0
[LIFT 1] 1290 1309 0 -7
[LIFT 2] 0 0 0 0
[LIFT 1] 1290 1309 0 -7
[LIFT 2] 0 0 0 0
[LIFT 1] 1290 1309 0 -7
[LIFT 2] 0 0 0 0
