NOW MOVING
[LIFT 1] 1290 0 0 127
[LIFT 2] 0 0 0 0
[LIFT 1] 1290 0 0 127
[LIFT 2] 0 0 0 0
[LIFT 1] 1290 0 0 127
[LIFT 2] 0 0 0 0
[LIFT 1] 1290 0 0 127
[LIFT 2] 0 0 0 0
[LIFT 1] 1290 5 500 127
[LIFT 2] 0 0 0 0
[LIFT 1] 1290 14 900 127
[LIFT 2] 0 0 0 0
[LIFT 1] 1290 31 1700 127
[LIFT 2] 0 0 0 0
[LIFT 1] 1290 45 1400 127
[LIFT 2] 0 0 0 0
[LIFT 1] 1290 66 2100 127
[LIFT 2] 0 0 0 0
[LIFT 1] 1290 84 1800 127
[LIFT 2] 0 0 0 0
[LIFT 1] 1290 101 1700 127
[LIFT 2] 0 0 0 0
[LIFT 1] 1290 117 1600 127
[LIFT 2] 0 0 0 0
[LIFT 1] 1290 134 1700 127
[LIFT 2] 0 0 0 0
[LIFT 1] 1290 146 1200 127
[LIFT 2] 0 0 0 0
[LIFT 1] 1290 161 1500 127
[LIFT 2] 0 0 0 0
[LIFT 1] 1290 180 1900 127
[LIFT 2] 0 0 0 0
[LIFT 1] 1290 198 1800 127
[LIFT 2] 0 0 0 0
[LIFT 1] 1290 214 1600 127
[LIFT 2] 0 0 0 0
[LIFT 1] 1290 233 1900 127
[LIFT 2] 0 0 0 0
[LIFT 1] 1290 251 1800 127
[LIFT 2] 0 0 0 0
[LIFT 1] 1290 270 1900 127
[LIFT 2] 0 0 0 0
[LIFT 1] 1290 292 2200 127
[LIFT 2] 0 0 0 0
[LIFT 1] 1290 312 2000 127
[LIFT 2] 0 0 0 0
[LIFT 1] 1290 334 2200 127
[LIFT 2] 0 0 0 0
[LIFT 1] 1290 360 2600 127
[LIFT 2] 0 0 0 0
[LIFT 1] 1290 380 2000 127
[LIFT 2] 0 0 0 0
[LIFT 1] 1290 398 1800 127
[LIFT 2] 0 0 0 0
[LIFT 1] 1290 422 2400 127
[LIFT 2] 0 0 0 0
[LIFT 1] 1290 444 2200 127
[LIFT 2] 0 0 0 0
[LIFT 1] 1290 464 2000 127
[LIFT 2] 0 0 0 0
[LIFT 1] 1290 492 2800 127
[LIFT 2] 0 0 0 0
[LIFT 1] 1290 514 2200 127
[LIFT 2] 0 0 0 0
[LIFT 1] 1290 538 2400 127
[LIFT 2] 0 0 0 0
[LIFT 1] 1290 563 2500 127
[LIFT 2] 0 0 0 0
[LIFT 1] 1290 584 2100 127
[LIFT 2] 0 0 0 0
[LIFT 1] 1290 604 2000 127
[LIFT 2] 0 0 0 0
[LIFT 1] 1290 628 2400 127
[LIFT 2] 0 0 0 0
[LIFT 1] 1290 650 2200 127
[LIFT 2] 0 0 0 0
[LIFT 1] 1290 674 2400 127
[LIFT 2] 0 0 0 0
[LIFT 1] 1290 697 2300 127
[LIFT 2] 0 0 0 0
[LIFT 1] 1290 718 2100 127
[LIFT 2] 0 0 0 0
[LIFT 1] 1290 736 1800 127
[LIFT 2] 0 0 0 0
[LIFT 1] 1290 760 2400 127
[LIFT 2] 0 0 0 0
[LIFT 1] 1290 778 1800 127
[LIFT 2] 0 0 0 0
[LIFT 1] 1290 797 1900 127
[LIFT 2] 0 0 0 0
[LIFT 1] 1290 819 2200 127
[LIFT 2] 0 0 0 0
[LIFT 1] 1290 841 2200 127
[LIFT 2] 0 0 0 0
[LIFT 1] 1290 861 2000 127
[LIFT 2] 0 0 0 0
[LIFT 1] 1290 881 2000 127
[LIFT 2] 0 0 0 0
[LIFT 1] 1290 901 2000 127
[LIFT 2] 0 0 0 0
[LIFT 1] 1290 920 1900 127
[LIFT 2] 0 0 0 0
[LIFT 1] 1290 942 2200 127
[LIFT 2] 0 0 0 0
[LIFT 1] 1290 962 2000 127
[LIFT 2] 0 0 0 0
[LIFT 1] 1290 986 2400 112
[LIFT 2] 0 0 0 0
[LIFT 1] 1290 1008 2200 104
[LIFT 2] 0 0 0 0
[LIFT 1] 1290 1028 2000 97
[LIFT 2] 0 0 0 0
[LIFT 1] 1290 1046 1800 91
[LIFT 2] 0 0 0 0
[LIFT 1] 1290 1072 2600 72
[LIFT 2] 0 0 0 0
[LIFT 1] 1290 1091 1900 70
[LIFT 2] 0 0 0 0
[LIFT 1] 1290 1111 2000 60
[LIFT 2] 0 0 0 0
[LIFT 1] 1290 1136 2500 44
[LIFT 2] 0 0 0 0
[LIFT 1] 1290 1160 2400 34
[LIFT 2] 0 0 0 0
[LIFT 1] 1290 1182 2200 26
[LIFT 2] 0 0 0 0
[LI0 0 0 0
[LIFT 1] 1290 1245 1900 1
[LIFT 2] 0 0 0 0
[LIFT 1] 1290 1267 2200 -11
[LIFT 2] 0 0 0 0
[LIFT 1] 1290 1287 2000 -18
[LIFT 2] 0 0 0 0
[LIFT 1] 1290 1304 1700 -23
[LIFT 2] 0 0 0 0
[LIFT 1] 12 0 0
[LIFT 1] 1290 1372 200 -38
[LIFT 2] 0 0 0 0
[LIFT 1] 1290 1372 0 -36
[LIFT 2] 0 0 0 0
[LIFT 1] 1290 1370 -200 -34
[LIFT 2] 0 0 0 0
[LIFT 1] 1290 1370 0 -36
[LIFT 2] 0 0 0 0
[LIFT 1] 1290 1370 70 0 -36
[LIFT 2] 0 0 0 0
[LIFT 1] 1290 1370 0 -36
[LIFT 2] 0 0 0 0
[LIFT 1] 1290 1368 -200 -33
[LIFT 2] 0 0 0 0
[LIFT 1] 1290 1368 0 -35
[LIFT 2] 0 0 0 0
[LIFT 1] 1290 1362 -545 -26
[LIFT 2] 0 0 0326 -700 -9
[LIFT 2] 0 0 0 0
[LIFT 1] 1290 1318 -800 -4
[LIFT 2] 0 0 0 0
[LIFT 1] 1290 1315 -300 -8
[LIFT 2] 0 0 0 0
[LIFT 1] 1290 1311 -400 -5
[LIFT 2] 0 0 0 0
[LIFT 1] 1290 1311 0 -9
[LIFT 2] 0 0 0 -12
[LIFT 2] 0 0 0 0
[LIFT 1] 1290 1318 0 -12
[LIFT 2] 0 0 0 0
[LIFT 1] 1290 1318 0 -12
[LIFT 2] 0 0 0 0
[LIFT 1] 1290 1318 0 -12
[LIFT 2] 0 0 0 0
[LIFT 1] 1290 1316 -200 -9
[LIFT 2] 0 0 0 0
[LIFT 1] 1290 1316 0 -11
[LIFT 2] 0 0 0 0
[LIFT 1] 1290 1315 -100 -10
[LIFT 2] 0 0 0 0
[LIFT 1] 1290 1311 -400 -5
[LIFT 2] 0 0 0 0
[LIFT 1] 1290 1309 -200 -6
[LIFT 2] 0 0 0 0
[LIFT 1] 1290 1307 -200 -5
[LIFT 2] 0 0 0 0
[LIFT 1] 1290 1304 -300 -3
[LIFT 2] 0 0 0 0
[LIFT 1] 1290 1302 -200 -3
[LIFT 2] 0 0 0 0
[LIFT 1] 1290 1298 -400 0
[LIFT 2] 0 0 0 0
[LIFT 1] 1290 1296 -200 0
[LIFT 2] 0 0 0 0
[LIFT 1] 1290 1294 -200 0
[LIFT 2] 0 0 0 0
[LIFT 1] 1290 1293 -100 0
[LIFT 2] 0 0 0 0
[LIFT 1] 1290 1291 -200 1
[LIFT 2] 0 0 0 0
[LIFT 1] 1290 1289 -200 2
[LIFT 2] 0 0 0 0
[LIFT 1] 1290 1289 0 0
[LIFT 2] 0 0 0 0
[LIFT 1] 1290 1289 0 0
[LIFT 2] 0 0 0 0
[LIFT 1] 1290 1289 0 0
[LIFT 2] 0 0 0 0
[LIFT 1] 1290 1289 0 0
[LIFT 2] 0 0 0 0
[LIFT 1] 1290 1289 0 0
[LIFT 2] 0 0 0 0
[LIFT 1] 1290 1289 0 0
[LIFT 2] 0 0 0 0
[LIFT 1] 1290 1289 0 0
[LIFT 2] 0 0 0 0
[LIFT 1] 1290 1289 0 0
[LIFT 2] 0 0 0 0
[LIFT 1] 1290 1289 0 0
[LIFT 2] 0 0 0 0
[LIFT 1] 1290 1289 0 0
[LIFT 2] 0 0 0 0
[LIFT 1] 1290 1289 0 0
[LIFT 2] 0 0 0 0
[LIFT 1] 1290 1289 0 0
[LIFT 2] 0 0 0 0
[LIFT 1] 1290 1289 0 0
[LIFT 2] 0 0 0 0
[LIFT 1] 1290 1289 0 0
[LIFT 2] 0 0 0 0
[LIFT 1] 1290 1289 0 0
[LIFT 2] 0 0 0 0
[LIFT 1] 1290 1289 0 0
[LIFT 2] 0 0 0 0
[LIFT 1] 1290 1289 0 0
[LIFT 2] 0 0 0 0
[LIFT 1] 1290 1289 0 0
[LIFT 2] 0 0 0 0
[LIFT 1] 1290 1289 0 0
[LIFT 2] 0 0 0 0
[LIFT 1] 1290 1289 0 0
[LIFT 2] 0 0 0 0
[LIFT 1] 1290 1289 0 0
[LIFT 2] 0 0 0 0
[LIFT 1] 1290 1289 0 0
[LIFT 2] 0 0 0 0
[LIFT 1] 1290 1289 0 0
[LIFT 2] 0 0 0 0
[LIFT 1] 1290 1289 0 0
[LIFT 2] 0 0 0 0
[LIFT 1] 1290 1289 0 0
[LIFT 2] 0 0 0 0
[LIFT 1] 1290 1289 0 0
[LIFT 2] 0 0 0 0
[LIFT 1] 1290 1289 0 0
[LIFT 2] 0 0 0 0
[LIFT 1] 1290 1289 0 0
[LIFT 2] 0 0 0 0
[LIFT 1] 1290 1289 0 0
[LIFT 2] 0 0 0 0
[LIFT 1] 1290 1289 0 0
[LIFT 2] 0 0 0 0
[LIFT 1] 1290 1289 0 0
[LIFT 2] 0 0 0 0
[LIFT 1] 1290 1289 0 0
[LIFT 2] 0 0 0 0
[LIFT 1] 1290 1289 0 0
[LIFT 2] 0 0 0 0
[LIFT 1] 1290 1289 0 0
[LIFT 2] 0 0 0 0
[LIFT 1] 1290 1289 0 0
[LIFT 2] 0 0 0 0
[LIFT 1] 1290 1289 0 0
[LIFT 2] 0 0 0 0
[LIFT 1] 1290 1289 0 0
[LIFT 2] 0 0 0 0
[LIFT 1] 1290 1289 0 0
[LIFT 2] 0 0 0 0
[LIFT 1] 1290 1289 0 0
[LIFT 2] 0 0 0 0
[LIFT 1] 1290 1289 0 0
[LIFT 2] 0 0 0 0
[LIFT 1] 1290 1289 0 0
[LIFT 2] 0 0 0 0
[LIFT 1] 1290 1289 0 0
[LIFT 2] 0 0 0 0
[LIFT 1] 1290 1289 0 0
[LIFT 2] 0 0 0 0
[LIFT 1] 1290 1289 0 0
[LIFT 2] 0 0 0 0
[LIFT 1] 1290 1289 0 0
[LIFT 2] 0 0 0 0
[LIFT 1] 1290 1289 0 0
[LIFT 2] 0 0 0 0
[LIFT 1] 1290 1289 0 0
[LIFT 2] 0 0 0 0
[LIFT 1] 1290 1289 0 0
[LIFT 2] 0 0 0 0
[LIFT 1] 1290 1289 0 0
[LIFT 2] 0 0 0 0
[LIFT 1] 1290 1289 0 0
[LIFT 2] 0 0 0 0
[LIFT 1] 1290 1289 0 0
[LIFT 2] 0 0 0 0
[LIFT 1] 1290 1289 0 0
[LIFT 2] 0 0 0 0
[LIFT 1] 1290 1289 0 0
[LIFT 2] 0 0 0 0
[LIFT 1] 1290 1289 0 0
[LIFT 2] 0 0 0 0
[LIFT 1] 1290 1289 0 0
[LIFT 2] 0 0 0 0
[LIFT 1] 1290 1289 0 0
[LIFT 2] 0 0 0 0
[LIFT 1] 1290 1289 0 0
[LIFT 2] 0 0 0 0
[LIFT 1] 1290 1289 0 0
[LIFT 2] 0 0 0 0
[LIFT 1] 1290 1289 0 0
[LIFT 2] 0 0 0 0
[LIFT 1] 1290 1289 0 0
[LIFT 2] 0 0 0 0
[LIFT 1] 1290 1289 0 0
[LIFT 2] 0 0 0 0
[LIFT 1] 1290 1289 0 0
[LIFT 2] 0 0 0 0
[LIFT 1] 1290 1289 0 0
[LIFT 2] 0 0 0 0
[LIFT 1] 1290 1289 0 0
[LIFT 2] 0 0 0 0
[LIFT 1] 1290 1289 0 0
[LIFT 2] 0 0 0 0
[LIFT 1] 1290 1289 0 0
[LIFT 2] 0 0 0 0
[LIFT 1] 1290 1289 0 0
[LIFT 2] 0 0 0 0
[LIFT 1] 1290 1289 0 0
[LIFT 2] 0 0 0 0
[LIFT 1] 1290 1289 0 0
[LIFT 2] 0 0 0 0
[LIFT 1] 1290 1289 0 0
[LIFT 2] 0 0 0 0
[LIFT 1] 1290 1289 0 0
[LIFT 2] 0 0 0 0
[LIFT 1] 1290 1289 0 0
[LIFT 2] 0 0 0 0
[LIFT 1] 1290 1289 0 0
[LIFT 2] 0 0 0 0
[LIFT 1] 1290 1289 0 0
[LIFT 2] 0 0 0 0
[LIFT 1] 1290 1289 0 0
[LIFT 2] 0 0 0 0
[LIFT 1] 1290 1289 0 0
[LIFT 2] 0 0 0 0
[LIFT 1] 1290 1289 0 0
[LIFT 2] 0 0 0 0
[LIFT 1] 1290 1289 0 0
[LIFT 2] 0 0 0 0
[LIFT 1] 1290 1289 0 0
[LIFT 2] 0 0 0 0
[LIFT 1] 1290 1289 0 0
[LIFT 2] 0 0 0 0
[LIFT 1] 1290 1289 0 0
[LIFT 2] 0 0 0 0
