  

62 62 0 40
62 62 0 40
62 62 0 40
62 62 0 40
62 62 0 40
62 62 0 40
62 62 0 40
62 62 0 40
62 62 0 40
62 62 0 40
62 62 0 40
62 63 100 38
62 63 0 38
62 63 0 38
62 63 0 38
62 63 0 38
62 63 0 38
62 63 0 38
62 63 0 38
62 63 0 38
62 63 0 38
62 63 0 38
62 63 0 38
62 63 0 38
62 63 0 38
62 63 0 38
62 63 0 38
62 63 0 38
62 63 0 38
62 63 0 38
62 63 0 38
62 63 0 38
62 63 0 38
62 63 0 38
62 63 0 38
62 63 0 38
62 63 0 38
62 63 0 38
62 63 0 38
62 63 0 38
62 63 0 38
62 63 0 38
62 63 0 38
62 63 0 38
62 63 0 38
62 63 0 38
62 63 0 38
62 63 0 38
62 63 0 38
62 63 0 38
62 63 0 38
62 63 0 38
62 63 0 38
62 63 0 38
62 63 0 38
62 63 0 38
62 63 0 38
62 63 0 38
62 63 0 38
62 62 -100 40
62 63 100 38
62 62 -100 40
62 62 0 40
62 62 0 40
62 62 0 40
62 62 0 40
62 62 0 40
62 62 0 40
62 62 0 40
62 62 0 40
62 62 0 40
62 62 0 40
62 62 0 40
62 62 0 40
62 62 0 40
62 62 0 40
62 62 0 40
62 62 0 40
62 62 0 40
62 62 0 40
62 62 0 40
62 62 0 40
62 62 0 40
62 62 0 40
62 62 0 40
62 62 0 40
62 61 -100 42
62 62 100 40
62 62 0 40
62 61 -100 42
62 61 0 42
62 62 100 40
62 61 -100 42
62 61 0 42
62 61 0 42
62 61 0 42
62 61 0 42
62 61 0 42
62 61 0 42
62 61 0 42
62 61 0 42
62 61 0 42
62 61 0 42
62 61 0 42
62 61 0 42
62 61 0 42
62 61 0 42
62 61 0 42
62 61 0 42
62 61 0 42
62 61 0 42
62 61 0 42
62 61 0 42
62 61 0 42
62 61 0 42
62 61 0 42
62 61 0 42
62 61 0 42
62 61 0 42
62 61 0 42
62 61 0 42
62 61 0 42
62 61 0 42
62 61 0 42
62 61 0 42
62 60 -100 44
62 60 0 44
62 61 100 42
62 61 0 42
62 61 0 42
62 60 -100 44
62 60 0 44
62 60 0 44
62 60 0 44
62 60 0 44
62 60 0 44
62 60 0 44
62 60 0 44
62 60 0 44
62 60 0 44
62 60 0 44
62 60 0 44
62 60 0 44
62 60 0 44
62 60 0 44
62 60 0 44
62 60 0 44
62 60 0 44
62 60 0 44
62 60 0 44
62 60 0 44
62 60 0 44
62 60 0 44
62 60 0 44
62 60 0 44
62 60 0 44
62 60 0 44
62 60 0 44
62 60 0 44
62 60 0 44
62 60 0 44
62 60 0 44
62 60 0 44
62 60 0 44
62 60 0 44
62 60 0 44
62 60 0 44
62 60 0 44
62 60 0 44
62 60 0 44
62 60 0 44
62 60 0 44
62 60 0 44
62 60 0 44
62 60 0 44
62 60 0 44
62 60 0 44
62 60 0 44
62 60 0 44
62 60 0 44
62 60 0 44
62 60 0 44
62 60 0 44
62 60 0 44
62 60 0 44
62 60 0 44
62 60 0 44
62 60 0 44
62 60 0 44
62 60 0 44
62 60 0 44
62 60 0 44
62 60 0 44
62 60 0 44
62 60 0 44
62 60 0 44
62 60 0 44
62 60 0 44
62 60 0 44
62 60 0 44
62 60 0 44
62 60 0 44
62 60 0 44
62 60 0 44
62 60 0 44
62 60 0 44
62 60 0 44
62 60 0 44
62 60 0 44
62 60 0 44
62 60 0 44
62 60 0 44
62 60 0 44
62 60 0 44
62 60 0 44
62 60 0 44
62 60 0 44
62 60 0 44
62 60 0 44
62 60 0 44
62 60 0 44
62 60 0 44
62 60 0 44
62 60 0 44
62 60 0 44
62 60 0 44
62 60 0 44
62 60 0 44
62 60 0 44
62 60 0 44
62 60 0 44
62 60 0 44
62 60 0 44
62 60 0 44
62 60 0 44
62 60 0 44
62 60 0 44
62 60 0 44
62 60 0 44
62 60 0 44
62 60 0 44
62 60 0 44
62 60 0 44
62 60 0 44
62 60 0 44
62 60 0 44
62 60 0 44
62 60 0 44
62 60 0 44
62 60 0 44
62 60 0 44
62 60 0 44
62 60 0 44
62 60 0 44
62 60 0 44
62 60 0 44
62 60 0 44
62 60 0 44
62 60 0 44
62 60 0 44
62 60 0 44
62 60 0 44
62 60 0 44
62 60 0 44
62 60 0 44
62 60 0 44
62 60 0 44
62 60 0 44
62 60 0 44
62 60 0 44
62 60 0 44
62 60 0 44
62 60 0 44
62 60 0 44
62 60 0 44
62 60 0 44
62 60 0 44
62 60 0 44
62 60 0 44
62 60 0 44
62 60 0 44
62 60 0 44
62 59 -100 46
62 59 0 46
62 59 0 46
62 59 0 46
62 59 0 46
62 59 0 46
62 59 0 46
62 59 0 46
62 59 0 46
62 60 100 44
62 59 -100 46
62 59 0 46
62 59 0 46
62 59 0 46
62 59 0 46
62 59 0 46
62 59 0 46
62 60 100 44
62 60 0 44
62 59 -100 46
62 59 0 46
62 59 0 46
62 59 0 46
62 59 0 46
62 59 0 46
62 59 0 46
62 60 100 44
62 60 0 44
62 59 -100 46
62 59 0 46
62 59 0 46
62 59 0 46
62 59 0 46
62 59 0 46
62 59 0 46
62 60 100 44
62 60 0 44
62 59 -100 46
62 59 0 46
62 59 0 46
62 59 0 46
62 59 0 46
62 59 0 46
62 60 100 44
62 60 0 44
62 60 0 44
62 60 0 44
62 59 -100 46
62 60 100 44
62 60 0 44
62 59 -100 46
62 59 0 46
62 60 100 44
62 60 0 44
62 60 0 44
62 60 0 44
62 59 -100 46
62 60 100 44
62 60 0 44
62 59 -100 46
62 59 0 46
62 60 100 44
62 60 0 44
62 60 0 44
62 60 0 44
62 60 0 44
62 60 0 44
62 60 0 44
62 59 -100 46
62 60 100 44
62 60 0 44
62 60 0 44
62 60 0 44
62 60 0 44
62 59 -100 46
62 59 0 46
62 59 0 46
62 59 0 46
62 59 0 46
62 60 100 44
62 60 0 44
62 60 0 44
62 60 0 44
62 59 -100 46
62 60 100 44
62 60 0 44
62 59 -100 46
62 59 0 46
62 60 100 44
62 60 0 44
62 60 0 44
62 60 0 44
62 59 -100 46
62 60 100 44
62 60 0 44
62 59 -100 46
62 59 0 46
62 60 100 44
62 60 0 44
62 60 0 44
62 60 0 44
62 59 -100 46
62 60 100 44
62 60 0 44
62 59 -100 46
62 59 0 46
62 60 100 44
62 60 0 44
62 60 0 44
62 60 0 44
62 59 -100 46
62 60 100 44
62 60 0 44
62 59 -100 46
62 59 0 46
62 60 100 44
62 60 0 44
62 60 0 44
62 60 0 44
62 59 -100 46
62 60 100 44
62 60 0 44
62 59 -100 46
62 59 0 46
62 60 100 44
62 60 0 44
62 59 -100 46
62 59 0 46
62 59 0 46
62 59 0 46
62 59 0 46
62 59 0 46
62 59 0 46
62 59 0 46
62 59 0 46
62 59 0 46
62 59 0 46
62 59 0 46
62 59 0 46
62 59 0 46
62 59 0 46
62 59 0 46
62 59 0 46
62 59 0 46
62 59 0 46
62 59 0 46
62 59 0 46
62 59 0 46
62 59 0 46
62 59 0 46
62 59 0 46
62 59 0 46
62 59 0 46
62 59 0 46
62 59 0 46
62 59 0 46
62 59 0 46
62 59 0 46
62 59 0 46
62 59 0 46
62 59 0 46
62 59 0 46
62 59 0 46
62 59 0 46
62 59 0 46
62 59 0 46
62 59 0 46
62 59 0 46
62 59 0 46
62 59 0 46
62 59 0 46
62 59 0 46
62 59 0 46
62 59 0 46
62 59 0 46
62 59 0 46
62 59 0 46
62 59 0 46
62 59 0 46
62 59 0 46
62 59 0 46
62 59 0 46
62 59 0 46
62 59 0 46
62 59 0 46
62 59 0 46
62 59 0 46
62 59 0 46
62 59 0 46
62 59 0 46
62 59 0 46
62 59 0 46
62 59 0 46
62 59 0 46
62 59 0 46
62 59 0 46
62 59 0 46
62 59 0 46
62 59 0 46
62 59 0 46
62 59 0 46
62 59 0 46
62 59 0 46
62 59 0 46
62 59 0 46
62 59 0 46
62 59 0 46
62 59 0 46
62 59 0 46
62 59 0 46
62 59 0 46
62 59 0 46
62 59 0 46
62 59 0 46
62 59 0 46
62 59 0 46
62 59 0 46
62 59 0 46
62 59 0 46
62 59 0 46
62 59 0 46
62 59 0 46
62 59 0 46
62 59 0 46
62 59 0 46
62 59 0 46
62 59 0 46
62 59 0 46
62 59 0 46
62 59 0 46
62 59 0 46
62 59 0 46
62 59 0 46
62 59 0 46
62 59 0 46
62 59 0 46
62 59 0 46
62 59 0 46
62 59 0 46
62 59 0 46
62 59 0 46
62 59 0 46
62 59 0 46
62 59 0 46
62 59 0 46
62 59 0 46
62 59 0 46
62 59 0 46
62 59 0 46
62 59 0 46
62 59 0 46
62 59 0 46
62 59 0 46
62 59 0 46
62 59 0 46
62 59 0 46
62 59 0 46
62 59 0 46
62 59 0 46
62 59 0 46
62 59 0 46
62 59 0 46
62 59 0 46
62 59 0 46
62 59 0 46
62 59 0 46
62 59 0 46
62 59 0 46
62 59 0 46
62 59 0 46
62 59 0 46
62 59 0 46
62 59 0 46
62 59 0 46
62 59 0 46
62 59 0 46
62 59 0 46
62 59 0 46
62 59 0 46
62 59 0 46
62 59 0 46
62 59 0 46
62 59 0 46
62 59 0 46
62 59 0 46
62 59 0 46
62 59 0 46
62 59 0 46
62 59 0 46
62 59 0 46
62 59 0 46
62 59 0 46
62 59 0 46
62 59 0 46
62 59 0 46
62 59 0 46
62 59 0 46
62 59 0 46
62 59 0 46
62 59 0 46
62 59 0 46
62 59 0 46
62 59 0 46
62 59 0 46
62 59 0 46
62 59 0 46
62 59 0 46
62 59 0 46
62 59 0 46
62 59 0 46
62 59 0 46
62 59 0 46
62 59 0 46
62 59 0 46
62 59 0 46
62 59 0 46
62 59 0 46
62 59 0 46
62 59 0 46
62 59 0 46
62 59 0 46
62 59 0 46
62 59 0 46
62 59 0 46
62 59 0 46
62 59 0 46
62 59 0 46
62 59 0 46
62 59 0 46
62 59 0 46
62 59 0 46
62 59 0 46
62 59 0 46
62 59 0 46
62 59 0 46
62 58 -100 48
62 59 100 46
62 59 0 46
62 59 0 46
62 59 0 46
62 59 0 46
62 59 0 46
62 59 0 46
62 59 0 46
62 59 0 46
62 59 0 46
62 59 0 46
62 59 0 46
62 59 0 46
62 59 0 46
62 59 0 46
62 59 0 46
62 58 -100 48
62 58 0 48
62 58 0 48
62 58 0 48
62 58 0 48
62 58 0 48
62 59 100 46
62 59 0 46
62 59 0 46
62 59 0 46
62 58 -100 48
62 59 100 46
62 59 0 46
62 58 -100 48
62 58 0 48
62 59 100 46
62 59 0 46
62 58 -100 48
62 58 0 48
62 58 0 48
62 58 0 48
62 58 0 48
62 58 0 48
62 58 0 48
62 58 0 48
62 58 0 48
62 58 0 48
62 58 0 48
62 58 0 48
62 58 0 48
62 58 0 48
62 58 0 48
62 58 0 48
62 58 0 48
62 58 0 48
62 58 0 48
62 58 0 48
62 58 0 48
62 58 0 48
62 58 0 48
62 58 0 48
62 58 0 48
62 58 0 48
62 58 0 48
62 58 0 48
62 58 0 48
62 58 0 48
62 58 0 48
62 58 0 48
62 58 0 48
62 58 0 48
62 58 0 48
62 58 0 48
62 58 0 48
62 58 0 48
62 58 0 48
62 58 0 48
62 58 0 48
62 58 0 48
62 58 0 48
62 58 0 48
62 59 100 46
62 59 0 46
62 58 -100 48
62 58 0 48
62 59 100 46
62 59 0 46
62 58 -100 48
62 58 0 48
62 59 100 46
62 59 0 46
62 59 0 46
62 59 0 46
62 59 0 46
62 59 0 46
62 59 0 46
62 59 0 46
62 59 0 46
62 59 0 46
62 59 0 46
62 59 0 46
62 59 0 46
62 59 0 46
62 59 0 46
62 59 0 46
62 59 0 46
62 59 0 46
62 59 0 46
62 59 0 46
62 59 0 46
62 58 -100 48
62 58 0 48
62 58 0 48
62 58 0 48
62 58 0 48
62 58 0 48
62 59 100 46
62 59 0 46
62 59 0 46
62 59 0 46
62 59 0 46
62 59 0 46
62 59 0 46
62 59 0 46
62 59 0 46
62 59 0 46
62 59 0 46
62 59 0 46
62 59 0 46
62 59 0 46
62 59 0 46
62 59 0 46
62 59 0 46
62 59 0 46
62 59 0 46
62 59 0 46
62 59 0 46
62 59 0 46
62 59 0 46
62 59 0 46
62 59 0 46
62 59 0 46
62 59 0 46
62 59 0 46
62 59 0 46
62 59 0 46
62 59 0 46
62 59 0 46
62 59 0 46
62 59 0 46
62 59 0 46
62 59 0 46
62 59 0 46
62 59 0 46
62 59 0 46
62 59 0 46
62 59 0 46
62 59 0 46
62 59 0 46
62 59 0 46
62 59 0 46
62 59 0 46
62 59 0 46
62 59 0 46
62 59 0 46
62 59 0 46
62 59 0 46
62 59 0 46
62 59 0 46
62 59 0 46
62 59 0 46
62 60 100 44
62 60 0 44
62 60 0 44
62 59 -100 46
62 59 0 46
62 60 100 44
62 59 -100 46
62 59 0 46
62 60 100 44
62 60 0 44
62 59 -100 46
62 59 0 46
62 59 0 46
62 59 0 46
62 59 0 46
62 59 0 46
62 60 100 44
62 60 0 44
62 60 0 44
62 61 100 42
62 61 0 42
62 61 0 42
62 62 100 40
62 62 0 40
62 62 0 40
62 62 0 40
62 62 0 40
62 63 100 38
62 63 0 38
62 63 0 38
62 63 0 38
62 63 0 38
62 63 0 38
62 63 0 38
62 63 0 38
62 63 0 38
62 63 0 38
62 63 0 38
62 63 0 38
62 63 0 38
62 63 0 38
62 63 0 38
62 63 0 38
62 63 0 38
62 63 0 38
62 63 0 38
62 63 0 38
62 63 0 38
62 63 0 38
62 63 0 38
62 63 0 38
62 62 -100 40
62 62 0 40
62 62 0 40
62 62 0 40
62 62 0 40
62 61 -100 42
62 61 0 42
62 61 0 42
62 61 0 42
62 61 0 42
62 60 -100 44
62 60 0 44
62 60 0 44
62 60 0 44
62 60 0 44
62 59 -100 46
62 59 0 46
62 59 0 46
62 59 0 46
62 59 0 46
62 59 0 46
62 59 0 46
62 59 0 46
62 59 0 46
62 59 0 46
62 59 0 46
62 59 0 46
62 59 0 46
62 59 0 46
62 60 100 44
62 60 0 44
62 59 -100 46
62 59 0 46
62 59 0 46
62 59 0 46
62 59 0 46
62 59 0 46
62 59 0 46
62 60 100 44
62 60 0 44
62 60 0 44
62 60 0 44
62 60 0 44
62 60 0 44
62 60 0 44
62 60 0 44
62 60 0 44
62 60 0 44
62 60 0 44
62 60 0 44
62 60 0 44
62 59 -100 46
62 59 0 46
62 59 0 46
62 59 0 46
62 59 0 46
62 59 0 46
62 59 0 46
62 59 0 46
62 59 0 46
62 59 0 46
62 59 0 46
62 59 0 46
62 59 0 46
62 59 0 46
62 59 0 46
62 59 0 46
62 59 0 46
62 59 0 46
62 59 0 46
62 59 0 46
62 59 0 46
62 59 0 46
62 59 0 46
62 59 0 46
62 59 0 46
62 58 -100 48
62 58 0 48
62 58 0 48
62 58 0 48
62 58 0 48
62 58 0 48
62 58 0 48
62 58 0 48
62 58 0 48
62 59 100 46
62 58 -100 48
62 58 0 48
62 59 100 46
62 59 0 46
62 58 -100 48
62 58 0 48
62 59 100 46
62 58 -100 48
62 58 0 48
62 58 0 48
62 58 0 48
62 58 0 48
62 58 0 48
62 58 0 48
62 58 0 48
62 58 0 48
62 58 0 48
62 57 -100 50
62 57 0 50
62 57 0 50
62 57 0 50
62 57 0 50
62 57 0 50
62 57 0 50
62 57 0 50
62 57 0 50
62 56 -100 52
62 56 0 52
62 55 -100 54
62 55 0 54
62 55 0 54
62 55 0 54
62 55 0 54
62 55 0 54
62 55 0 54
62 54 -100 56
62 54 0 56
62 54 0 56
62 53 -100 58
62 53 0 58
62 53 0 58
62 53 0 58
62 53 0 58
62 53 0 58
62 53 0 58
62 52 -100 60
62 52 0 60
62 52 0 60
62 52 0 60
62 52 0 60
62 52 0 60
62 52 0 60
62 52 0 60
62 52 0 60
62 51 -100 62
62 51 0 62
62 51 0 62
62 52 100 60
62 51 -100 62
62 51 0 62
62 52 100 60
62 52 0 60
62 51 -100 62
62 51 0 62
62 51 0 62
62 51 0 62
62 51 0 62
62 51 0 62
62 51 0 62
62 51 0 62
62 51 0 62
62 51 0 62
62 51 0 62
62 50 -100 64
62 51 100 62
62 51 0 62
62 50 -100 64
62 51 100 62
62 51 0 62
62 51 0 62
62 51 0 62
62 51 0 62
62 51 0 62
62 51 0 62
62 51 0 62
62 51 0 62
62 51 0 62
62 51 0 62
62 51 0 62
62 51 0 62
62 51 0 62
62 51 0 62
62 51 0 62
62 51 0 62
62 51 0 62
62 51 0 62
62 51 0 62
62 51 0 62
62 50 -100 64
62 50 0 64
62 49 -100 66
62 49 0 66
62 49 0 66
62 49 0 66
62 49 0 66
62 49 0 66
62 49 0 66
62 49 0 66
62 49 0 66
62 48 -100 68
62 48 0 68
62 48 0 68
62 48 0 68
62 48 0 68
62 48 0 68
62 48 0 68
62 48 0 68
62 47 -100 70
62 47 0 70
62 47 0 70
62 47 0 70
62 47 0 70
62 47 0 70
62 47 0 70
62 47 0 70
62 47 0 70
62 46 -100 72
62 46 0 72
62 46 0 72
62 46 0 72
62 46 0 72
62 46 0 72
62 47 100 70
62 47 0 70
62 47 0 70
62 46 -100 72
62 46 0 72
62 47 100 70
62 47 0 70
62 47 0 70
62 47 0 70
62 47 0 70
62 47 0 70
62 47 0 70
62 47 0 70
62 47 0 70
62 47 0 70
62 48 100 68
62 48 0 68
62 48 0 68
62 48 0 68
62 48 0 68
62 48 0 68
62 48 0 68
62 48 0 68
62 48 0 68
62 48 0 68
62 48 0 68
62 48 0 68
62 49 100 66
62 49 0 66
62 50 100 64
62 50 0 64
62 50 0 64
62 50 0 64
62 50 0 64
62 50 0 64
62 50 0 64
62 50 0 64
62 50 0 64
62 50 0 64
62 50 0 64
62 50 0 64
62 50 0 64
62 50 0 64
62 50 0 64
62 50 0 64
62 51 100 62
62 51 0 62
62 50 -100 64
62 50 0 64
62 50 0 64
62 51 100 62
62 51 0 62
62 51 0 62
62 51 0 62
62 51 0 62
62 51 0 62
62 51 0 62
62 51 0 62
62 51 0 62
62 51 0 62
62 51 0 62
62 51 0 62
62 51 0 62
62 52 100 60
62 52 0 60
62 51 -100 62
62 51 0 62
62 51 0 62
62 51 0 62
62 51 0 62
62 51 0 62
62 51 0 62
62 52 100 60
62 52 0 60
62 51 -100 62
62 51 0 62
62 51 0 62
62 51 0 62
62 51 0 62
62 51 0 62
62 51 0 62
62 52 100 60
62 52 0 60
62 51 -100 62
62 51 0 62
62 51 0 62
62 51 0 62
62 51 0 62
62 51 0 62
62 51 0 62
62 51 0 62
62 51 0 62
62 51 0 62
62 51 0 62
62 51 0 62
62 51 0 62
62 51 0 62
62 51 0 62
62 51 0 62
62 51 0 62
62 51 0 62
62 51 0 62
62 51 0 62
62 51 0 62
62 51 0 62
62 51 0 62
62 51 0 62
62 51 0 62
62 51 0 62
62 51 0 62
62 51 0 62
62 51 0 62
62 51 0 62
62 51 0 62
62 51 0 62
62 51 0 62
62 51 0 62
62 51 0 62
62 51 0 62
62 51 0 62
62 51 0 62
62 51 0 62
62 51 0 62
62 51 0 62
62 51 0 62
62 51 0 62
62 51 0 62
62 51 0 62
62 51 0 62
62 51 0 62
62 51 0 62
62 51 0 62
62 51 0 62
62 51 0 62
62 51 0 62
62 51 0 62
62 51 0 62
62 51 0 62
62 51 0 62
62 51 0 62
62 51 0 62
62 51 0 62
62 51 0 62
62 51 0 62
62 51 0 62
62 51 0 62
62 51 0 62
62 51 0 62
62 51 0 62
62 51 0 62
62 51 0 62
62 51 0 62
62 51 0 62
62 51 0 62
62 51 0 62
62 51 0 62
62 51 0 62
62 51 0 62
62 51 0 62
62 51 0 62
62 51 0 62
62 51 0 62
62 51 0 62
62 51 0 62
62 51 0 62
62 51 0 62
62 51 0 62
62 51 0 62
62 51 0 62
62 51 0 62
62 51 0 62
62 51 0 62
62 51 0 62
62 51 0 62
62 51 0 62
62 51 0 62
62 51 0 62
62 51 0 62
62 51 0 62
62 51 0 62
62 51 0 62
62 51 0 62
62 51 0 62
62 51 0 62
62 51 0 62
62 51 0 62
62 51 0 62
62 51 0 62
62 51 0 62
62 51 0 62
62 51 0 62
62 51 0 62
62 51 0 62
62 51 0 62
62 51 0 62
62 51 0 62
62 51 0 62
62 51 0 62
62 51 0 62
62 51 0 62
62 51 0 62
62 51 0 62
62 51 0 62
62 51 0 62
62 51 0 62
62 51 0 62
62 51 0 62
62 51 0 62
62 51 0 62
62 51 0 62
62 51 0 62
62 51 0 62
62 51 0 62
62 51 0 62
62 51 0 62
62 51 0 62
62 51 0 62
62 51 0 62
62 51 0 62
62 51 0 62
62 51 0 62
62 51 0 62
62 51 0 62
62 51 0 62
62 51 0 62
62 51 0 62
62 51 0 62
62 51 0 62
62 51 0 62
62 51 0 62
62 51 0 62
62 51 0 62
62 51 0 62
62 51 0 62
62 51 0 62
62 51 0 62
62 51 0 62
62 51 0 62
62 51 0 62
62 51 0 62
62 51 0 62
62 51 0 62
62 51 0 62
62 51 0 62
62 51 0 62
62 51 0 62
62 51 0 62
62 51 0 62
62 51 0 62
62 51 0 62
62 51 0 62
62 51 0 62
62 51 0 62
62 51 0 62
62 51 0 62
62 51 0 62
62 51 0 62
62 51 0 62
62 51 0 62
62 51 0 62
62 51 0 62
62 51 0 62
62 51 0 62
62 51 0 62
62 51 0 62
62 51 0 62
62 51 0 62
62 51 0 62
62 51 0 62
62 51 0 62
62 51 0 62
62 51 0 62
62 51 0 62
62 51 0 62
62 51 0 62
62 51 0 62
62 51 0 62
62 51 0 62
62 51 0 62
62 51 0 62
62 51 0 62
62 51 0 62
62 51 0 62
62 51 0 62
62 51 0 62
62 51 0 62
62 51 0 62
62 51 0 62
62 51 0 62
62 51 0 62
62 51 0 62
62 51 0 62
62 51 0 62
62 51 0 62
62 51 0 62
62 51 0 62
62 51 0 62
62 51 0 62
62 51 0 62
62 51 0 62
62 51 0 62
62 51 0 62
62 51 0 62
62 51 0 62
62 51 0 62
62 51 0 62
62 51 0 62
62 51 0 62
62 51 0 62
62 51 0 62
62 51 0 62
62 51 0 62
62 51 0 62
62 51 0 62
62 51 0 62
62 51 0 62
62 51 0 62
62 51 0 62
62 51 0 62
62 51 0 62
62 51 0 62
62 51 0 62
62 51 0 62
62 51 0 62
62 51 0 62
62 51 0 62
62 51 0 62
62 51 0 62
62 51 0 62
62 51 0 62
62 51 0 62
62 51 0 62
62 51 0 62
62 51 0 62
62 51 0 62
62 51 0 62
62 51 0 62
62 51 0 62
62 51 0 62
62 51 0 62
62 51 0 62
62 51 0 62
62 51 0 62
62 51 0 62
62 51 0 62
62 51 0 62
62 51 0 62
62 51 0 62
62 51 0 62
62 51 0 62
62 51 0 62
62 51 0 62
62 51 0 62
62 51 0 62
62 51 0 62
62 51 0 62
62 51 0 62
62 51 0 62
62 51 0 62
62 51 0 62
62 51 0 62
62 51 0 62
62 51 0 62
62 51 0 62
62 51 0 62
62 51 0 62
62 51 0 62
62 51 0 62
62 51 0 62
62 51 0 62
62 51 0 62
62 51 0 62
62 51 0 62
62 51 0 62
62 51 0 62
62 51 0 62
62 51 0 62
62 51 0 62
62 51 0 62
62 51 0 62
62 51 0 62
62 51 0 62
62 51 0 62
62 51 0 62
62 51 0 62
62 51 0 62
62 51 0 62
62 51 0 62
62 51 0 62
62 51 0 62
62 51 0 62
62 51 0 62
62 51 0 62
62 51 0 62
62 51 0 62
62 51 0 62
62 51 0 62
62 51 0 62
62 51 0 62
62 51 0 62
62 51 0 62
62 51 0 62
62 51 0 62
62 51 0 62
62 51 0 62
62 51 0 62
62 51 0 62
62 51 0 62
62 51 0 62
62 51 0 62
62 51 0 62
62 51 0 62
62 51 0 62
62 51 0 62
62 51 0 62
62 51 0 62
62 51 0 62
62 51 0 62
62 51 0 62
62 51 0 62
62 51 0 62
62 51 0 62
62 51 0 62
62 51 0 62
62 51 0 62
62 51 0 62
62 51 0 62
62 51 0 62
62 51 0 62
62 51 0 62
62 51 0 62
62 51 0 62
62 51 0 62
62 51 0 62
62 51 0 62
62 51 0 62
62 51 0 62
62 51 0 62
62 51 0 62
62 51 0 62
62 51 0 62
62 51 0 62
62 51 0 62
62 51 0 62
62 51 0 62
62 51 0 62
62 51 0 62
62 51 0 62
62 51 0 62
62 51 0 62
62 51 0 62
62 51 0 62
62 51 0 62
62 51 0 62
62 51 0 62
62 51 0 62
62 51 0 62
62 51 0 62
62 51 0 62
62 51 0 62
62 51 0 62
62 51 0 62
62 51 0 62
62 51 0 62
62 51 0 62
62 51 0 62
62 51 0 62
62 51 0 62
62 51 0 62
62 51 0 62
62 51 0 62
62 51 0 62
62 51 0 62
62 51 0 62
62 51 0 62
62 51 0 62
62 51 0 62
62 51 0 62
62 51 0 62
62 51 0 62
62 51 0 62
62 51 0 62
62 51 0 62
62 51 0 62
62 51 0 62
62 51 0 62
62 51 0 62
62 51 0 62
62 51 0 62
62 51 0 62
62 51 0 62
62 51 0 62
62 51 0 62
62 51 0 62
62 51 0 62
62 51 0 62
62 51 0 62
62 51 0 62
62 51 0 62
62 51 0 62
62 51 0 62
62 51 0 62
62 51 0 62
62 51 0 62
62 51 0 62
62 51 0 62
62 51 0 62
62 51 0 62
62 51 0 62
62 51 0 62
62 51 0 62
62 51 0 62
62 51 0 62
62 51 0 62
62 51 0 62
62 51 0 62
62 51 0 62
62 51 0 62
62 51 0 62
62 51 0 62
62 51 0 62
62 51 0 62
62 51 0 62
62 51 0 62
62 51 0 62
62 51 0 62
62 51 0 62
62 51 0 62
62 51 0 62
62 51 0 62
62 51 0 62
62 52 100 60
62 52 0 60
62 52 0 60
62 51 -100 62
62 51 0 62
62 52 100 60
62 52 0 60
62 53 100 58
62 53 0 58
62 54 100 56
62 54 0 56
62 54 0 56
62 54 0 56
62 55 100 54
62 55 0 54
62 56 100 52
62 57 100 50
62 57 0 50
62 58 100 48
62 59 100 46
62 60 100 44
62 60 0 44
62 61 100 42
62 62 100 40
62 63 100 38
62 63 0 38
62 64 100 36
62 65 100 34
62 65 0 34
62 66 100 32
62 66 0 32
62 66 0 32
62 67 100 30
62 67 0 30
62 67 0 30
62 67 0 30
62 68 100 28
62 68 0 28
62 68 0 28
62 68 0 28
62 68 0 28
62 68 0 28
62 68 0 28
62 68 0 28
62 68 0 28
62 68 0 28
62 68 0 28
62 68 0 28
62 68 0 28
62 68 0 28
62 68 0 28
62 68 0 28
62 68 0 28
62 68 0 28
62 68 0 28
62 68 0 28
62 67 -100 30
62 67 0 30
62 67 0 30
62 67 0 30
62 67 0 30
62 67 0 30
62 67 0 30
62 67 0 30
62 67 0 30
62 67 0 30
62 67 0 30
62 66 -100 32
62 66 0 32
62 66 0 32
62 66 0 32
62 66 0 32
62 66 0 32
62 66 0 32
62 65 -100 34
62 65 0 34
62 65 0 34
62 65 0 34
62 65 0 34
62 65 0 34
62 65 0 34
62 65 0 34
62 65 0 34
62 65 0 34
62 64 -100 36
62 64 0 36
62 64 0 36
62 64 0 36
62 64 0 36
62 64 0 36
62 65 100 34
62 64 -100 36
62 64 0 36
62 64 0 36
62 64 0 36
62 64 0 36
62 64 0 36
62 64 0 36
62 64 0 36
62 64 0 36
62 64 0 36
62 64 0 36
62 64 0 36
62 64 0 36
62 64 0 36
62 64 0 36
62 64 0 36
62 64 0 36
62 64 0 36
62 64 0 36
62 64 0 36
62 64 0 36
62 64 0 36
62 64 0 36
62 64 0 36
62 64 0 36
62 64 0 36
62 64 0 36
62 64 0 36
62 64 0 36
62 64 0 36
62 64 0 36
62 64 0 36
62 64 0 36
62 64 0 36
62 64 0 36
62 64 0 36
62 64 0 36
62 64 0 36
62 64 0 36
62 64 0 36
62 64 0 36
62 64 0 36
62 64 0 36
62 64 0 36
62 64 0 36
62 64 0 36
62 64 0 36
62 64 0 36
62 64 0 36
62 64 0 36
62 64 0 36
62 64 0 36
62 64 0 36
62 64 0 36
62 64 0 36
62 64 0 36
62 64 0 36
62 64 0 36
62 64 0 36
62 64 0 36
62 64 0 36
62 64 0 36
62 64 0 36
62 64 0 36
62 64 0 36
62 64 0 36
62 64 0 36
62 64 0 36
62 64 0 36
62 64 0 36
62 64 0 36
62 64 0 36
62 64 0 36
62 64 0 36
62 64 0 36
62 64 0 36
62 64 0 36
62 64 0 36
62 64 0 36
62 64 0 36
62 64 0 36
62 64 0 36
62 64 0 36
62 64 0 36
62 64 0 36
62 64 0 36
62 64 0 36
62 64 0 36
62 64 0 36
62 64 0 36
62 64 0 36
62 64 0 36
62 64 0 36
62 64 0 36
62 64 0 36
62 64 0 36
62 64 0 36
62 64 0 36
62 64 0 36
62 64 0 36
62 64 0 36
62 64 0 36
62 64 0 36
62 64 0 36
62 64 0 36
62 64 0 36
62 64 0 36
62 64 0 36
62 64 0 36
62 64 0 36
62 64 0 36
62 64 0 36
62 64 0 36
62 64 0 36
62 64 0 36
62 64 0 36
62 64 0 36
62 64 0 36
62 64 0 36
62 64 0 36
62 64 0 36
62 64 0 36
62 64 0 36
62 64 0 36
62 64 0 36
62 64 0 36
62 64 0 36
62 64 0 36
62 64 0 36
62 64 0 36
62 64 0 36
62 64 0 36
62 64 0 36
62 64 0 36
62 64 0 36
62 64 0 36
62 64 0 36
62 64 0 36
62 64 0 36
62 64 0 36
62 64 0 36
62 64 0 36
62 64 0 36
62 64 0 36
62 64 0 36
62 64 0 36
62 64 0 36
62 64 0 36
62 64 0 36
62 64 0 36
62 64 0 36
62 64 0 36
62 64 0 36
62 64 0 36
62 64 0 36
62 64 0 36
62 64 0 36
62 64 0 36
62 64 0 36
62 64 0 36
62 64 0 36
62 64 0 36
62 64 0 36
62 64 0 36
62 64 0 36
62 64 0 36
62 64 0 36
62 64 0 36
62 64 0 36
62 64 0 36
62 64 0 36
62 64 0 36
62 64 0 36
62 64 0 36
62 64 0 36
62 64 0 36
62 64 0 36
62 64 0 36
62 64 0 36
62 64 0 36
62 64 0 36
62 64 0 36
62 64 0 36
62 64 0 36
62 64 0 36
62 64 0 36
62 64 0 36
62 64 0 36
62 64 0 36
62 64 0 36
62 64 0 36
62 64 0 36
62 64 0 36
62 64 0 36
62 64 0 36
62 64 0 36
62 64 0 36
62 64 0 36
62 64 0 36
62 64 0 36
62 64 0 36
62 64 0 36
62 64 0 36
62 64 0 36
62 64 0 36
62 64 0 36
62 64 0 36
62 64 0 36
62 64 0 36
62 64 0 36
62 64 0 36
62 64 0 36
62 64 0 36
62 64 0 36
62 64 0 36
62 64 0 36
62 64 0 36
62 64 0 36
62 64 0 36
62 64 0 36
62 64 0 36
62 64 0 36
62 64 0 36
62 64 0 36
62 64 0 36
62 64 0 36
62 64 0 36
62 64 0 36
62 64 0 36
62 64 0 36
62 64 0 36
62 64 0 36
62 64 0 36
62 64 0 36
62 64 0 36
62 64 0 36
62 64 0 36
62 64 0 36
62 64 0 36
62 64 0 36
62 64 0 36
62 64 0 36
62 64 0 36
62 64 0 36
62 64 0 36
62 64 0 36
62 64 0 36
62 64 0 36
62 64 0 36
62 64 0 36
62 64 0 36
62 64 0 36
62 64 0 36
62 64 0 36
62 64 0 36
62 64 0 36
62 64 0 36
62 64 0 36
62 64 0 36
62 64 0 36
62 64 0 36
62 64 0 36
62 64 0 36
62 64 0 36
62 64 0 36
62 64 0 36
62 64 0 36
62 64 0 36
62 64 0 36
62 64 0 36
62 64 0 36
62 64 0 36
62 64 0 36
62 64 0 36
62 64 0 36
62 64 0 36
62 64 0 36
62 64 0 36
62 64 0 36
62 64 0 36
62 64 0 36
62 64 0 36
62 64 0 36
62 64 0 36
62 64 0 36
62 64 0 36
62 64 0 36
62 64 0 36
62 64 0 36
62 64 0 36
62 64 0 36
62 64 0 36
62 64 0 36
62 64 0 36
62 64 0 36
62 64 0 36
62 64 0 36
62 64 0 36
62 64 0 36
62 64 0 36
62 64 0 36
62 64 0 36
62 64 0 36
62 64 0 36
62 64 0 36
62 64 0 36
62 64 0 36
62 64 0 36
62 64 0 36
62 64 0 36
62 64 0 36
62 64 0 36
62 64 0 36
62 64 0 36
62 64 0 36
62 64 0 36
62 64 0 36
62 64 0 36
62 64 0 36
62 64 0 36
62 64 0 36
62 64 0 36
62 64 0 36
62 64 0 36
62 64 0 36
62 64 0 36
62 64 0 36
62 64 0 36
62 64 0 36
62 64 0 36
62 64 0 36
62 64 0 36
62 64 0 36
62 64 0 36
62 64 0 36
62 64 0 36
62 64 0 36
62 64 0 36
62 64 0 36
62 64 0 36
62 64 0 36
62 64 0 36
62 64 0 36
62 64 0 36
62 64 0 36
62 64 0 36
62 64 0 36
62 64 0 36
62 64 0 36
62 64 0 36
62 64 0 36
62 64 0 36
62 64 0 36
62 64 0 36
62 64 0 36
62 64 0 36
62 64 0 36
62 64 0 36
62 64 0 36
62 64 0 36
62 64 0 36
62 64 0 36
62 64 0 36
62 64 0 36
62 64 0 36
62 64 0 36
62 64 0 36
62 64 0 36
62 64 0 36
62 64 0 36
62 64 0 36
62 64 0 36
62 64 0 36
62 64 0 36
62 64 0 36
62 64 0 36
62 64 0 36
62 64 0 36
62 64 0 36
62 64 0 36
62 64 0 36
62 64 0 36
62 64 0 36
62 64 0 36
62 64 0 36
62 64 0 36
62 64 0 36
62 64 0 36
62 64 0 36
62 64 0 36
62 64 0 36
62 64 0 36
62 64 0 36
62 64 0 36
62 64 0 36
62 64 0 36
62 64 0 36
62 64 0 36
62 64 0 36
62 64 0 36
62 64 0 36
62 64 0 36
62 64 0 36
62 64 0 36
62 64 0 36
62 64 0 36
62 64 0 36
62 64 0 36
62 64 0 36
62 64 0 36
62 64 0 36
62 64 0 36
62 64 0 36
62 64 0 36
62 64 0 36
62 64 0 36
62 64 0 36
62 64 0 36
62 64 0 36
62 64 0 36
62 64 0 36
62 64 0 36
62 64 0 36
62 64 0 36
62 64 0 36
62 64 0 36
62 64 0 36
62 64 0 36
62 64 0 36
62 64 0 36
62 64 0 36
62 64 0 36
62 64 0 36
62 64 0 36
62 64 0 36
62 64 0 36
62 64 0 36
62 64 0 36
62 64 0 36
62 64 0 36
62 64 0 36
62 64 0 36
62 64 0 36
62 64 0 36
62 64 0 36
62 64 0 36
62 64 0 36
62 64 0 36
62 64 0 36
62 64 0 36
62 64 0 36
62 64 0 36
62 64 0 36
62 64 0 36
62 64 0 36
62 64 0 36
62 64 0 36
62 64 0 36
62 64 0 36
62 64 0 36
62 64 0 36
62 64 0 36
62 64 0 36
62 64 0 36
62 64 0 36
62 64 0 36
62 64 0 36
62 64 0 36
62 64 0 36
62 64 0 36
62 64 0 36
62 64 0 36
62 64 0 36
62 64 0 36
62 64 0 36
62 64 0 36
62 64 0 36
62 64 0 36
62 64 0 36
62 64 0 36
62 64 0 36
62 64 0 36
62 64 0 36
62 64 0 36
62 64 0 36
62 64 0 36
62 64 0 36
62 64 0 36
62 64 0 36
62 64 0 36
62 64 0 36
62 64 0 36
62 64 0 36
62 64 0 36
62 64 0 36
62 64 0 36
62 64 0 36
62 64 0 36
62 64 0 36
62 64 0 36
62 64 0 36
62 64 0 36
62 64 0 36
62 64 0 36
62 64 0 36
62 64 0 36
62 64 0 36
62 64 0 36
62 64 0 36
62 64 0 36
62 64 0 36
62 64 0 36
62 64 0 36
62 64 0 36
62 64 0 36
62 64 0 36
62 64 0 36
62 64 0 36
62 64 0 36
62 64 0 36
62 64 0 36
62 64 0 36
62 64 0 36
62 64 0 36
62 64 0 36
62 64 0 36
62 64 0 36
62 64 0 36
62 64 0 36
62 64 0 36
62 64 0 36
62 64 0 36
62 64 0 36
62 64 0 36
62 64 0 36
62 64 0 36
62 64 0 36
62 64 0 36
62 64 0 36
62 64 0 36
62 64 0 36
62 64 0 36
62 64 0 36
62 64 0 36
62 64 0 36
62 64 0 36
62 64 0 36
62 64 0 36
62 64 0 36
62 64 0 36
62 64 0 36
62 64 0 36
62 64 0 36
62 64 0 36
62 64 0 36
62 64 0 36
62 64 0 36
62 64 0 36
62 64 0 36
62 64 0 36
62 64 0 36
62 64 0 36
62 64 0 36
62 64 0 36
62 64 0 36
62 64 0 36
62 64 0 36
62 64 0 36
62 64 0 36
62 64 0 36
62 64 0 36
62 64 0 36
62 64 0 36
62 64 0 36
62 64 0 36
62 64 0 36
62 64 0 36
62 64 0 36
62 64 0 36
62 64 0 36
62 64 0 36
62 64 0 36
62 64 0 36
62 64 0 36
62 64 0 36
62 64 0 36
62 64 0 36
62 64 0 36
62 64 0 36
62 64 0 36
62 64 0 36
62 64 0 36
62 64 0 36
62 64 0 36
62 64 0 36
62 64 0 36
62 64 0 36
62 64 0 36
62 64 0 36
62 64 0 36
62 64 0 36
62 64 0 36
62 64 0 36
62 64 0 36
62 64 0 36
62 64 0 36
62 64 0 36
62 64 0 36
62 64 0 36
62 64 0 36
62 64 0 36
62 64 0 36
62 64 0 36
62 64 0 36
62 64 0 36
62 64 0 36
62 64 0 36
62 64 0 36
62 64 0 36
62 64 0 36
62 64 0 36
62 64 0 36
62 64 0 36
62 64 0 36
62 64 0 36
62 64 0 36
62 64 0 36
62 64 0 36
62 64 0 36
62 64 0 36
62 64 0 36
62 64 0 36
62 64 0 36
62 64 0 36
62 64 0 36
62 64 0 36
62 64 0 36
62 64 0 36
62 64 0 36
62 64 0 36
62 64 0 36
62 64 0 36
62 64 0 36
62 64 0 36
62 64 0 36
62 64 0 36
62 64 0 36
62 64 0 36
62 64 0 36
62 64 0 36
62 64 0 36
62 64 0 36
62 64 0 36
62 64 0 36
62 64 0 36
62 64 0 36
62 64 0 36
62 64 0 36
62 64 0 36
62 64 0 36
62 64 0 36
62 64 0 36
62 64 0 36
62 64 0 36
62 64 0 36
62 64 0 36
62 64 0 36
62 64 0 36
62 64 0 36
62 64 0 36
62 64 0 36
62 64 0 36
62 64 0 36
62 64 0 36
62 64 0 36
62 64 0 36
62 64 0 36
62 64 0 36
62 64 0 36
62 64 0 36
62 64 0 36
62 64 0 36
62 64 0 36
62 64 0 36
62 64 0 36
62 64 0 36
62 64 0 36
62 64 0 36
62 64 0 36
62 64 0 36
62 64 0 36
62 64 0 36
62 64 0 36
62 64 0 36
62 64 0 36
62 64 0 36
62 64 0 36
62 64 0 36
62 64 0 36
62 64 0 36
62 64 0 36
62 64 0 36
62 64 0 36
62 64 0 36
62 64 0 36
62 64 0 36
62 64 0 36
62 64 0 36
62 64 0 36
62 64 0 36
62 64 0 36
62 64 0 36
62 64 0 36
62 64 0 36
62 64 0 36
62 64 0 36
62 64 0 36
62 64 0 36
62 64 0 36
62 64 0 36
62 64 0 36
62 64 0 36
62 64 0 36
62 64 0 36
62 64 0 36
62 64 0 36
62 64 0 36
62 64 0 36
62 64 0 36
62 64 0 36
62 64 0 36
62 64 0 36
62 64 0 36
62 64 0 36
62 64 0 36
62 64 0 36
62 64 0 36
62 64 0 36
62 64 0 36
62 64 0 36
62 64 0 36
62 64 0 36
62 64 0 36
62 64 0 36
62 64 0 36
62 64 0 36
62 64 0 36
62 64 0 36
62 64 0 36
62 64 0 36
62 64 0 36
62 64 0 36
62 64 0 36
62 64 0 36
62 64 0 36
62 64 0 36
62 64 0 36
62 64 0 36
62 64 0 36
62 64 0 36
62 64 0 36
62 64 0 36
62 64 0 36
62 64 0 36
62 64 0 36
62 64 0 36
62 64 0 36
62 64 0 36
62 64 0 36
62 64 0 36
62 64 0 36
62 64 0 36
62 64 0 36
62 64 0 36
62 64 0 36
62 64 0 36
62 64 0 36
62 64 0 36
62 64 0 36
62 64 0 36
62 64 0 36
62 64 0 36
62 64 0 36
62 64 0 36
62 64 0 36
62 64 0 36
62 64 0 36
62 64 0 36
