Default: 0 Min: -127 Max: 127 KP : -1.50 KD: -0.10
105 105 0 0
105 105 0 0
105 105 0 0
105 105 0 0
105 105 0 0
105 105 0 0
105 105 0 0
105 105 0 0
105 105 0 0
105 105 0 0
105 105 0 0
105 105 0 0
105 106 100 11
105 106 0 1
105 106 0 1
105 106 0 1
105 106 0 1
105 106 0 1
105 106 0 1
105 106 0 1
105 106 0 1
105 107 100 13
105 107 0 3
105 107 0 3
105 107 0 3
105 107 0 3
105 107 0 3
105 107 0 3
105 107 0 3
105 107 0 3
105 107 0 3
105 107 0 3
105 107 0 3
105 107 0 3
105 107 0 3
105 107 0 3
105 107 0 3
105 107 0 3
105 107 0 3
105 107 0 3
105 107 0 3
105 107 0 3
105 107 0 3
105 107 0 3
105 108 100 14
105 108 0 4
105 108 0 4
105 108 0 4
105 108 0 4
105 108 0 4
105 109 100 16
105 109 0 6
105 109 0 6
105 109 0 6
105 109 0 6
105 109 0 6
105 109 0 6
105 109 0 6
105 110 100 17
105 110 0 7
105 110 0 7
105 111 100 19
105 111 0 9
105 111 0 9
105 111 0 9
105 111 0 9
105 111 0 9
105 111 0 9
105 111 0 9
105 111 0 9
105 112 100 20
105 112 0 10
105 112 0 10
105 112 0 10
105 112 0 10
105 112 0 10
105 113 100 22
105 113 0 12
105 113 0 12
105 113 0 12
105 113 0 12
105 113 0 12
105 113 0 12
105 113 0 12
105 113 0 12
105 113 0 12
105 113 0 12
105 113 0 12
105 113 0 12
105 113 0 12
105 113 0 12
105 113 0 12
105 113 0 12
105 113 0 12
105 114 100 23
105 114 0 13
105 115 100 25
105 115 0 15
105 115 0 15
105 115 0 15
105 116 100 26
105 117 100 28
105 117 0 18
105 117 0 18
105 117 0 18
105 118 100 29
105 118 0 19
105 118 0 19
105 119 100 31
105 119 0 21
105 119 0 21
105 119 0 21
105 119 0 21
105 119 0 21
105 119 0 21
105 119 0 21
105 119 0 21
105 120 100 32
105 120 0 22
105 120 0 22
105 120 0 22
105 120 0 22
105 120 0 22
105 120 0 22
105 120 0 22
105 120 0 22
105 120 0 22
105 120 0 22
105 120 0 22
105 120 0 22
105 120 0 22
105 120 0 22
105 120 0 22
105 120 0 22
105 120 0 22
105 120 0 22
105 120 0 22
105 120 0 22
105 120 0 22
105 120 0 22
105 120 0 22
105 121 100 34
105 121 0 24
105 121 0 24
105 121 0 24
105 121 0 24
105 121 0 24
105 121 0 24
105 121 0 24
105 121 0 24
105 122 100 35
105 122 0 25
105 122 0 25
105 122 0 25
105 122 0 25
105 123 100 37
105 123 0 27
105 123 0 27
105 123 0 27
105 123 0 27
105 123 0 27
105 124 100 38
105 124 0 28
105 124 0 28
105 124 0 28
105 124 0 28
105 124 0 28
105 124 0 28
105 125 100 40
105 125 0 30
105 125 0 30
105 125 0 30
105 125 0 30
105 125 0 30
105 125 0 30
105 125 0 30
105 125 0 30
105 125 0 30
105 125 0 30
105 125 0 30
105 125 0 30
105 125 0 30
105 125 0 30
105 125 0 30
105 125 0 30
105 125 0 30
105 125 0 30
105 125 0 30
105 125 0 30
105 125 0 30
105 125 0 30
105 125 0 30
105 125 0 30
105 125 0 30
105 125 0 30
105 125 0 30
105 125 0 30
105 125 0 30
105 125 0 30
105 125 0 30
105 126 100 41
105 126 0 31
105 126 0 31
105 126 0 31
105 126 0 31
105 126 0 31
105 127 100 43
105 127 0 33
105 127 0 33
105 127 0 33
105 127 0 33
105 127 0 33
105 127 0 33
105 127 0 33
105 127 0 33
105 127 0 33
105 127 0 33
105 127 0 33
105 127 0 33
105 127 0 33
105 128 100 44
105 128 0 34
105 128 0 34
105 128 0 34
105 128 0 34
105 128 0 34
105 128 0 34
105 128 0 34
105 128 0 34
105 128 0 34
105 128 0 34
105 128 0 34
105 128 0 34
105 128 0 34
105 128 0 34
105 128 0 34
105 128 0 34
105 128 0 34
105 128 0 34
105 128 0 34
105 128 0 34
105 128 0 34
105 128 0 34
105 128 0 34
105 129 100 46
105 129 0 36
105 129 0 36
105 129 0 36
105 129 0 36
105 129 0 36
105 129 0 36
105 129 0 36
105 129 0 36
105 129 0 36
105 129 0 36
105 129 0 36
105 129 0 36
105 129 0 36
105 130 100 47
105 130 0 37
105 130 0 37
105 130 0 37
105 130 0 37
105 130 0 37
105 130 0 37
105 130 0 37
105 130 0 37
105 131 100 49
105 131 0 39
105 131 0 39
105 131 0 39
105 131 0 39
105 131 0 39
105 131 0 39
105 131 0 39
105 131 0 39
105 131 0 39
105 131 0 39
105 131 0 39
105 131 0 39
105 131 0 39
105 131 0 39
105 131 0 39
105 131 0 39
105 131 0 39
105 131 0 39
105 131 0 39
105 131 0 39
105 131 0 39
105 131 0 39
105 131 0 39
105 131 0 39
105 131 0 39
105 131 0 39
105 131 0 39
105 131 0 39
105 131 0 39
105 131 0 39
105 131 0 39
105 131 0 39
105 131 0 39
105 131 0 39
105 131 0 39
105 131 0 39
105 131 0 39
105 131 0 39
105 131 0 39
105 131 0 39
105 131 0 39
105 131 0 39
105 131 0 39
105 131 0 39
105 131 0 39
105 131 0 39
105 131 0 39
105 131 0 39
105 131 0 39
105 132 100 50
105 132 0 40
105 132 0 40
105 132 0 40
105 132 0 40
105 132 0 40
105 132 0 40
105 132 0 40
105 132 0 40
105 132 0 40
105 132 0 40
105 133 100 52
105 133 0 42
105 133 0 42
105 133 0 42
105 133 0 42
105 133 0 42
105 133 0 42
105 133 0 42
105 133 0 42
105 133 0 42
105 133 0 42
105 133 0 42
105 133 0 42
105 133 0 42
105 133 0 42
105 133 0 42
105 133 0 42
105 133 0 42
105 133 0 42
105 133 0 42
105 133 0 42
105 133 0 42
105 133 0 42
105 133 0 42
105 133 0 42
105 133 0 42
105 133 0 42
105 133 0 42
105 133 0 42
105 133 0 42
105 133 0 42
105 133 0 42
105 133 0 42
105 133 0 42
105 133 0 42
105 133 0 42
105 133 0 42
105 133 0 42
105 133 0 42
105 133 0 42
105 133 0 42
105 133 0 42
105 133 0 42
105 133 0 42
105 133 0 42
105 134 100 53
105 134 0 43
105 134 0 43
105 134 0 43
105 134 0 43
105 134 0 43
105 134 0 43
105 134 0 43
105 134 0 43
105 134 0 43
105 135 100 55
105 135 0 45
105 135 0 45
105 135 0 45
105 135 0 45
105 135 0 45
105 135 0 45
105 135 0 45
105 135 0 45
105 135 0 45
105 135 0 45
105 135 0 45
105 135 0 45
105 135 0 45
105 135 0 45
105 135 0 45
105 135 0 45
105 135 0 45
105 135 0 45
105 135 0 45
105 135 0 45
105 135 0 45
105 135 0 45
105 135 0 45
105 135 0 45
105 135 0 45
105 135 0 45
105 135 0 45
105 135 0 45
105 135 0 45
105 135 0 45
105 135 0 45
105 135 0 45
105 135 0 45
105 135 0 45
105 135 0 45
105 135 0 45
105 135 0 45
105 135 0 45
105 135 0 45
105 135 0 45
105 135 0 45
105 135 0 45
105 135 0 45
105 135 0 45
105 135 0 45
105 135 0 45
105 135 0 45
105 135 0 45
105 135 0 45
105 135 0 45
105 135 0 45
105 135 0 45
105 135 0 45
105 135 0 45
105 135 0 45
105 135 0 45
105 135 0 45
105 135 0 45
105 135 0 45
105 135 0 45
105 135 0 45
105 135 0 45
105 135 0 45
105 135 0 45
105 135 0 45
105 135 0 45
105 135 0 45
105 135 0 45
105 135 0 45
105 135 0 45
105 135 0 45
105 135 0 45
105 135 0 45
105 135 0 45
105 135 0 45
105 135 0 45
105 135 0 45
105 135 0 45
105 135 0 45
105 135 0 45
105 135 0 45
105 135 0 45
105 135 0 45
105 135 0 45
105 135 0 45
105 135 0 45
105 135 0 45
105 135 0 45
105 135 0 45
105 135 0 45
105 135 0 45
105 135 0 45
105 135 0 45
105 135 0 45
105 135 0 45
105 135 0 45
105 135 0 45
105 135 0 45
105 135 0 45
105 135 0 45
105 135 0 45
105 135 0 45
105 135 0 45
105 135 0 45
105 135 0 45
105 135 0 45
105 135 0 45
105 135 0 45
105 135 0 45
105 135 0 45
105 135 0 45
105 135 0 45
105 135 0 45
105 135 0 45
105 135 0 45
105 135 0 45
105 135 0 45
105 135 0 45
105 135 0 45
105 135 0 45
105 135 0 45
105 135 0 45
105 135 0 45
105 135 0 45
105 135 0 45
105 135 0 45
105 135 0 45
105 135 0 45
105 135 0 45
105 135 0 45
105 135 0 45
105 135 0 45
105 135 0 45
105 135 0 45
105 135 0 45
105 135 0 45
105 135 0 45
105 135 0 45
105 135 0 45
105 135 0 45
105 135 0 45
105 135 0 45
105 135 0 45
105 135 0 45
105 135 0 45
105 135 0 45
105 135 0 45
105 135 0 45
105 135 0 45
105 135 0 45
105 135 0 45
105 135 0 45
105 135 0 45
105 135 0 45
105 135 0 45
105 135 0 45
105 135 0 45
105 135 0 45
105 135 0 45
105 135 0 45
105 135 0 45
105 135 0 45
105 135 0 45
105 135 0 45
105 135 0 45
105 135 0 45
105 135 0 45
105 135 0 45
105 135 0 45
105 135 0 45
105 135 0 45
105 135 0 45
105 135 0 45
105 135 0 45
105 135 0 45
105 135 0 45
105 135 0 45
105 135 0 45
105 135 0 45
105 135 0 45
105 135 0 45
105 135 0 45
105 135 0 45
105 135 0 45
105 135 0 45
105 135 0 45
105 135 0 45
105 135 0 45
105 135 0 45
105 135 0 45
105 135 0 45
105 135 0 45
105 135 0 45
105 135 0 45
105 135 0 45
105 135 0 45
105 135 0 45
105 135 0 45
105 135 0 45
105 135 0 45
105 135 0 45
105 135 0 45
105 135 0 45
105 135 0 45
105 135 0 45
105 135 0 45
105 135 0 45
105 135 0 45
105 135 0 45
105 135 0 45
105 135 0 45
105 135 0 45
105 135 0 45
105 135 0 45
105 135 0 45
105 135 0 45
105 135 0 45
105 135 0 45
105 135 0 45
105 135 0 45
105 135 0 45
105 135 0 45
105 135 0 45
105 135 0 45
105 135 0 45
105 135 0 45
105 135 0 45
105 135 0 45
105 135 0 45
105 135 0 45
105 135 0 45
105 135 0 45
105 135 0 45
105 135 0 45
105 135 0 45
105 135 0 45
105 135 0 45
105 135 0 45
105 135 0 45
105 135 0 45
105 135 0 45
105 135 0 45
105 135 0 45
105 135 0 45
105 135 0 45
105 135 0 45
105 135 0 45
105 135 0 45
105 135 0 45
105 135 0 45
105 135 0 45
105 135 0 45
105 135 0 45
105 135 0 45
105 135 0 45
105 135 0 45
105 135 0 45
105 135 0 45
105 135 0 45
105 135 0 45
105 135 0 45
105 135 0 45
105 135 0 45
105 135 0 45
105 135 0 45
105 135 0 45
105 135 0 45
105 135 0 45
105 135 0 45
105 135 0 45
105 135 0 45
105 135 0 45
105 135 0 45
105 135 0 45
105 135 0 45
105 135 0 45
105 135 0 45
105 135 0 45
105 135 0 45
105 135 0 45
105 135 0 45
105 135 0 45
105 135 0 45
105 135 0 45
105 135 0 45
105 135 0 45
105 135 0 45
105 135 0 45
105 135 0 45
105 135 0 45
105 135 0 45
105 135 0 45
105 135 0 45
105 135 0 45
105 135 0 45
105 135 0 45
105 135 0 45
105 135 0 45
105 135 0 45
105 135 0 45
105 135 0 45
105 135 0 45
105 135 0 45
105 135 0 45
105 135 0 45
105 135 0 45
105 135 0 45
105 135 0 45
105 135 0 45
105 135 0 45
105 135 0 45
105 135 0 45
105 135 0 45
105 135 0 45
105 135 0 45
105 135 0 45
105 135 0 45
105 135 0 45
105 135 0 45
105 135 0 45
105 135 0 45
105 135 0 45
105 135 0 45
105 135 0 45
105 135 0 45
105 135 0 45
105 135 0 45
105 135 0 45
105 135 0 45
105 135 0 45
105 135 0 45
105 135 0 45
105 135 0 45
105 135 0 45
105 135 0 45
105 135 0 45
105 135 0 45
105 135 0 45
105 135 0 45
105 135 0 45
105 135 0 45
105 135 0 45
105 135 0 45
105 135 0 45
105 135 0 45
105 135 0 45
105 135 0 45
105 135 0 45
105 135 0 45
105 135 0 45
105 135 0 45
105 135 0 45
105 135 0 45
105 135 0 45
105 135 0 45
105 135 0 45
105 135 0 45
105 135 0 45
105 135 0 45
105 135 0 45
105 135 0 45
105 135 0 45
105 135 0 45
105 135 0 45
105 135 0 45
105 135 0 45
105 135 0 45
105 135 0 45
105 135 0 45
105 135 0 45
105 135 0 45
105 135 0 45
105 135 0 45
105 135 0 45
105 135 0 45
105 135 0 45
105 135 0 45
105 135 0 45
105 135 0 45
105 135 0 45
105 135 0 45
105 135 0 45
105 135 0 45
105 135 0 45
105 135 0 45
105 135 0 45
105 135 0 45
105 135 0 45
105 135 0 45
105 135 0 45
105 135 0 45
105 135 0 45
105 135 0 45
105 135 0 45
105 135 0 45
105 135 0 45
105 135 0 45
105 135 0 45
105 135 0 45
105 135 0 45
105 135 0 45
105 135 0 45
105 135 0 45
105 135 0 45
105 135 0 45
105 135 0 45
105 135 0 45
105 135 0 45
105 135 0 45
105 135 0 45
105 135 0 45
105 135 0 45
105 135 0 45
105 135 0 45
105 135 0 45
105 135 0 45
105 135 0 45
105 135 0 45
105 135 0 45
105 135 0 45
105 135 0 45
105 135 0 45
105 135 0 45
105 135 0 45
105 135 0 45
105 135 0 45
105 135 0 45
105 135 0 45
105 135 0 45
105 135 0 45
105 135 0 45
105 135 0 45
105 135 0 45
105 135 0 45
105 135 0 45
105 135 0 45
105 135 0 45
105 135 0 45
105 135 0 45
105 135 0 45
105 135 0 45
105 135 0 45
105 135 0 45
105 135 0 45
105 135 0 45
105 135 0 45
105 135 0 45
105 135 0 45
105 135 0 45
105 135 0 45
105 135 0 45
105 135 0 45
105 135 0 45
105 135 0 45
105 135 0 45
105 135 0 45
105 135 0 45
105 135 0 45
105 135 0 45
105 135 0 45
105 135 0 45
105 135 0 45
105 135 0 45
105 135 0 45
105 135 0 45
105 135 0 45
105 135 0 45
105 135 0 45
105 135 0 45
105 135 0 45
105 135 0 45
105 135 0 45
105 135 0 45
105 135 0 45
105 135 0 45
105 135 0 45
105 135 0 45
105 135 0 45
105 135 0 45
105 135 0 45
105 135 0 45
105 135 0 45
105 135 0 45
105 135 0 45
105 135 0 45
105 135 0 45
105 135 0 45
105 135 0 45
105 135 0 45
105 135 0 45
105 135 0 45
105 135 0 45
105 135 0 45
105 135 0 45
105 135 0 45
105 135 0 45
105 135 0 45
105 135 0 45
105 135 0 45
105 135 0 45
105 135 0 45
105 135 0 45
105 135 0 45
105 135 0 45
105 135 0 45
105 135 0 45
105 135 0 45
105 135 0 45
105 135 0 45
105 135 0 45
105 135 0 45
105 135 0 45
105 135 0 45
105 135 0 45
105 135 0 45
105 135 0 45
105 135 0 45
105 135 0 45
105 135 0 45
105 135 0 45
105 135 0 45
105 135 0 45
105 135 0 45
105 135 0 45
105 135 0 45
105 135 0 45
105 135 0 45
105 135 0 45
105 135 0 45
105 135 0 45
105 135 0 45
105 135 0 45
105 135 0 45
105 135 0 45
105 135 0 45
105 135 0 45
105 135 0 45
105 135 0 45
105 135 0 45
105 135 0 45
105 135 0 45
105 135 0 45
105 135 0 45
105 135 0 45
105 135 0 45
105 135 0 45
105 135 0 45
105 135 0 45
105 135 0 45
105 135 0 45
105 135 0 45
105 135 0 45
105 135 0 45
105 135 0 45
105 135 0 45
105 135 0 45
105 135 0 45
105 135 0 45
105 135 0 45
105 135 0 45
105 135 0 45
105 135 0 45
105 135 0 45
105 135 0 45
105 135 0 45
105 135 0 45
105 135 0 45
105 135 0 45
105 135 0 45
105 135 0 45
105 135 0 45
105 135 0 45
105 135 0 45
105 135 0 45
105 135 0 45
105 135 0 45
105 135 0 45
105 135 0 45
105 135 0 45
105 135 0 45
105 135 0 45
105 135 0 45
105 135 0 45
105 135 0 45
105 135 0 45
105 135 0 45
105 135 0 45
105 135 0 45
105 135 0 45
105 135 0 45
105 135 0 45
105 135 0 45
105 135 0 45
105 135 0 45
105 135 0 45
105 135 0 45
105 135 0 45
105 135 0 45
105 135 0 45
105 135 0 45
105 135 0 45
105 135 0 45
105 135 0 45
105 135 0 45
105 135 0 45
105 135 0 45
105 135 0 45
105 135 0 45
105 135 0 45
105 135 0 45
105 135 0 45
105 135 0 45
105 135 0 45
105 135 0 45
105 135 0 45
105 135 0 45
105 135 0 45
105 135 0 45
105 135 0 45
105 135 0 45
105 135 0 45
105 135 0 45
105 135 0 45
105 135 0 45
105 135 0 45
105 135 0 45
105 135 0 45
105 135 0 45
105 135 0 45
105 135 0 45
105 135 0 45
105 135 0 45
105 135 0 45
105 135 0 45
105 135 0 45
105 135 0 45
105 135 0 45
105 135 0 45
105 135 0 45
105 135 0 45
105 135 0 45
105 135 0 45
105 135 0 45
105 135 0 45
105 135 0 45
105 135 0 45
105 135 0 45
105 135 0 45
105 135 0 45
105 135 0 45
105 135 0 45
105 135 0 45
105 135 0 45
105 135 0 45
105 135 0 45
105 135 0 45
105 135 0 45
105 135 0 45
105 135 0 45
105 135 0 45
105 135 0 45
105 135 0 45
105 135 0 45
105 135 0 45
105 135 0 45
105 135 0 45
105 135 0 45
105 135 0 45
105 135 0 45
105 135 0 45
105 135 0 45
105 135 0 45
105 135 0 45
105 135 0 45
105 135 0 45
105 135 0 45
105 135 0 45
105 135 0 45
105 135 0 45
105 135 0 45
105 135 0 45
105 135 0 45
105 135 0 45
105 135 0 45
105 135 0 45
105 135 0 45
105 135 0 45
105 135 0 45
105 135 0 45
105 135 0 45
105 135 0 45
105 135 0 45
105 135 0 45
105 135 0 45
105 135 0 45
105 135 0 45
105 135 0 45
105 135 0 45
105 135 0 45
105 135 0 45
105 135 0 45
105 135 0 45
105 135 0 45
105 135 0 45
105 135 0 45
105 135 0 45
105 135 0 45
105 135 0 45
105 135 0 45
105 135 0 45
105 135 0 45
105 135 0 45
105 135 0 45
105 135 0 45
105 135 0 45
105 135 0 45
105 135 0 45
105 135 0 45
105 135 0 45
105 135 0 45
105 135 0 45
105 135 0 45
105 135 0 45
105 135 0 45
105 135 0 45
105 135 0 45
105 135 0 45
105 135 0 45
105 135 0 45
105 135 0 45
105 135 0 45
105 135 0 45
105 135 0 45
105 135 0 45
105 135 0 45
105 135 0 45
105 135 0 45
105 135 0 45
105 135 0 45
105 135 0 45
105 135 0 45
105 135 0 45
105 135 0 45
105 135 0 45
105 135 0 45
105 135 0 45
105 135 0 45
105 135 0 45
105 135 0 45
105 135 0 45
105 135 0 45
105 135 0 45
105 135 0 45
105 135 0 45
105 135 0 45
105 135 0 45
105 135 0 45
105 135 0 45
105 135 0 45
105 135 0 45
105 135 0 45
105 135 0 45
105 135 0 45
105 135 0 45
105 135 0 45
105 135 0 45
105 135 0 45
105 135 0 45
105 135 0 45
105 135 0 45
105 135 0 45
105 135 0 45
105 135 0 45
105 135 0 45
105 135 0 45
105 135 0 45
105 135 0 45
105 135 0 45
105 135 0 45
105 135 0 45
105 135 0 45
105 135 0 45
105 135 0 45
105 135 0 45
105 135 0 45
105 135 0 45
105 135 0 45
105 135 0 45
105 135 0 45
105 135 0 45
105 135 0 45
105 135 0 45
105 135 0 45
105 135 0 45
105 135 0 45
105 135 0 45
105 135 0 45
105 135 0 45
105 135 0 45
105 135 0 45
105 135 0 45
105 135 0 45
105 135 0 45
105 135 0 45
105 135 0 45
105 135 0 45
105 135 0 45
105 135 0 45
105 135 0 45
105 135 0 45
105 135 0 45
105 135 0 45
105 135 0 45
105 135 0 45
105 135 0 45
105 135 0 45
105 135 0 45
105 135 0 45
105 135 0 45
105 135 0 45
105 135 0 45
105 135 0 45
105 135 0 45
105 135 0 45
105 135 0 45
105 135 0 45
105 135 0 45
105 135 0 45
105 135 0 45
105 135 0 45
105 135 0 45
105 135 0 45
105 135 0 45
105 135 0 45
105 135 0 45
105 135 0 45
105 135 0 45
105 135 0 45
105 135 0 45
105 135 0 45
105 135 0 45
105 135 0 45
105 135 0 45
105 135 0 45
105 135 0 45
105 135 0 45
105 135 0 45
105 135 0 45
105 135 0 45
105 135 0 45
105 135 0 45
105 135 0 45
105 135 0 45
105 135 0 45
105 135 0 45
105 135 0 45
105 135 0 45
105 135 0 45
105 135 0 45
105 135 0 45
105 136 100 56
105 136 0 46
105 136 0 46
105 136 0 46
105 136 0 46
105 136 0 46
105 136 0 46
105 136 0 46
105 136 0 46
105 136 0 46
105 136 0 46
105 136 0 46
105 136 0 46
105 136 0 46
105 136 0 46
105 136 0 46
105 136 0 46
105 137 100 58
105 137 0 48
105 137 0 48
105 137 0 48
105 137 0 48
105 137 0 48
105 137 0 48
105 137 0 48
105 137 0 48
105 137 0 48
105 137 0 48
105 137 0 48
105 137 0 48
105 137 0 48
105 137 0 48
105 137 0 48
105 137 0 48
105 137 0 48
105 137 0 48
105 137 0 48
105 138 100 59
105 138 0 49
105 138 0 49
105 138 0 49
105 138 0 49
105 138 0 49
105 138 0 49
105 138 0 49
105 138 0 49
105 138 0 49
105 138 0 49
105 138 0 49
105 138 0 49
105 138 0 49
105 138 0 49
105 138 0 49
105 139 100 61
105 139 0 51
105 139 0 51
105 139 0 51
105 139 0 51
105 139 0 51
105 139 0 51
105 139 0 51
105 139 0 51
105 139 0 51
105 139 0 51
105 139 0 51
105 139 0 51
105 139 0 51
105 139 0 51
105 139 0 51
105 139 0 51
105 139 0 51
105 139 0 51
105 139 0 51
105 139 0 51
105 139 0 51
105 139 0 51
105 139 0 51
105 139 0 51
105 139 0 51
105 139 0 51
105 139 0 51
105 139 0 51
105 139 0 51
105 139 0 51
105 139 0 51
105 139 0 51
105 139 0 51
105 139 0 51
105 139 0 51
105 139 0 51
105 139 0 51
105 139 0 51
105 139 0 51
105 139 0 51
105 139 0 51
105 139 0 51
105 139 0 51
105 139 0 51
105 139 0 51
105 139 0 51
105 139 0 51
105 139 0 51
105 139 0 51
105 139 0 51
105 139 0 51
105 139 0 51
105 139 0 51
105 139 0 51
105 139 0 51
105 139 0 51
105 139 0 51
105 139 0 51
105 139 0 51
105 139 0 51
105 139 0 51
105 139 0 51
105 139 0 51
105 139 0 51
105 139 0 51
105 139 0 51
105 139 0 51
105 139 0 51
105 139 0 51
105 139 0 51
105 139 0 51
105 139 0 51
105 139 0 51
105 139 0 51
105 139 0 51
105 139 0 51
105 139 0 51
105 139 0 51
105 139 0 51
105 139 0 51
105 139 0 51
105 139 0 51
105 139 0 51
105 139 0 51
105 139 0 51
105 139 0 51
105 139 0 51
105 139 0 51
105 139 0 51
105 139 0 51
105 139 0 51
105 139 0 51
105 139 0 51
105 139 0 51
105 139 0 51
105 139 0 51
105 139 0 51
105 139 0 51
105 139 0 51
105 139 0 51
105 139 0 51
105 139 0 51
105 139 0 51
105 139 0 51
105 139 0 51
105 139 0 51
105 139 0 51
105 139 0 51
105 139 0 51
105 139 0 51
105 139 0 51
105 139 0 51
105 139 0 51
105 139 0 51
105 139 0 51
105 139 0 51
105 139 0 51
105 139 0 51
105 139 0 51
105 139 0 51
105 139 0 51
105 139 0 51
105 139 0 51
105 139 0 51
105 139 0 51
105 139 0 51
105 139 0 51
105 139 0 51
105 139 0 51
105 139 0 51
105 139 0 51
105 139 0 51
105 139 0 51
105 139 0 51
105 139 0 51
105 139 0 51
105 139 0 51
105 139 0 51
105 139 0 51
105 139 0 51
105 139 0 51
105 139 0 51
105 139 0 51
105 139 0 51
105 139 0 51
105 139 0 51
105 139 0 51
105 139 0 51
105 139 0 51
105 139 0 51
105 139 0 51
105 139 0 51
105 139 0 51
105 139 0 51
105 139 0 51
105 139 0 51
105 139 0 51
105 139 0 51
105 139 0 51
105 139 0 51
105 139 0 51
