  

Default: 0 Min: -127 Max: 127 KP : -5.00 KD: -0.10
69 69 0 0
69 69 0 0
69 70 100 15
69 70 0 5
69 70 0 5
69 70 0 5
69 70 0 5
69 70 0 5
69 70 0 5
69 70 0 5
69 71 100 20
69 71 0 10
69 71 0 10
69 71 0 10
69 71 0 10
69 71 0 10
69 71 0 10
69 71 0 10
69 71 0 10
69 71 0 10
69 71 0 10
69 71 0 10
69 71 0 10
69 71 0 10
69 71 0 10
69 71 0 10
69 71 0 10
69 71 0 10
69 71 0 10
69 72 100 25
69 72 0 15
69 72 0 15
69 72 0 15
69 72 0 15
69 72 0 15
69 72 0 15
69 73 100 30
69 73 0 20
69 73 0 20
69 73 0 20
69 73 0 20
69 73 0 20
69 73 0 20
69 73 0 20
69 74 100 35
69 74 0 25
69 75 100 40
69 75 0 30
69 75 0 30
69 75 0 30
69 75 0 30
69 75 0 30
69 75 0 30
69 76 100 45
69 76 0 35
69 76 0 35
69 77 100 50
69 77 0 40
69 77 0 40
69 77 0 40
69 78 100 55
69 78 0 45
69 79 100 60
69 79 0 50
69 79 0 50
69 79 0 50
69 79 0 50
69 79 0 50
69 80 100 65
69 80 0 55
69 80 0 55
69 81 100 70
69 81 0 60
69 81 0 60
69 82 100 75
69 82 0 65
69 83 100 80
69 83 0 70
69 83 0 70
69 83 0 70
69 84 100 85
69 84 0 75
69 85 100 90
69 85 0 80
69 85 0 80
69 86 100 95
69 87 100 100
69 87 0 90
69 87 0 90
69 87 0 90
69 88 100 105
69 88 0 95
69 89 100 110
69 89 0 100
69 89 0 100
69 90 100 115
69 91 100 120
69 91 0 110
69 92 100 125
69 93 100 127
69 93 0 120
69 94 100 127
69 95 100 127
69 95 0 127
69 96 100 127
69 97 100 127
69 97 0 127
69 98 100 127
69 99 100 127
69 99 0 127
69 99 0 127
69 100 100 127
69 101 100 127
69 101 0 127
69 102 100 127
69 103 100 127
69 103 0 127
69 104 100 127
69 104 0 127
69 105 100 127
69 105 0 127
69 107 200 127
69 107 0 127
69 107 0 127
69 108 100 127
69 108 0 127
69 109 100 127
69 109 0 127
69 110 100 127
69 111 100 127
69 111 0 127
69 111 0 127
69 112 100 127
69 113 100 127
69 113 0 127
69 113 0 127
69 114 100 127
69 115 100 127
69 115 0 127
69 115 0 127
69 116 100 127
69 116 0 127
69 117 100 127
69 117 0 127
69 117 0 127
69 118 100 127
69 119 100 127
69 119 0 127
69 119 0 127
69 119 0 127
69 119 0 127
69 120 100 127
69 120 0 127
69 120 0 127
69 120 0 127
69 121 100 127
69 121 0 127
69 121 0 127
69 121 0 127
69 122 100 127
69 123 100 127
69 123 0 127
69 123 0 127
69 124 100 127
69 124 0 127
69 125 100 127
69 125 0 127
69 125 0 127
69 126 100 127
69 126 0 127
69 127 100 127
69 127 0 127
69 127 0 127
69 128 100 127
69 129 100 127
69 129 0 127
69 131 200 127
69 131 0 127
69 132 100 127
69 133 100 127
69 133 0 127
69 135 200 127
69 136 100 127
69 137 100 127
69 139 200 127
69 140 100 127
69 141 100 127
69 143 200 127
69 144 100 127
69 145 100 127
69 147 200 127
69 149 200 127
69 151 200 127
69 152 100 127
69 154 200 127
69 155 100 127
69 157 200 127
69 159 200 127
69 161 200 127
69 163 200 127
69 165 200 127
69 167 200 127
69 169 200 127
69 171 200 127
69 172 100 127
69 174 200 127
69 175 100 127
69 177 200 127
69 180 300 127
69 182 200 127
69 184 200 127
69 186 200 127
69 188 200 127
69 189 100 127
69 191 200 127
69 193 200 127
69 195 200 127
69 196 100 127
69 197 100 127
69 199 200 127
69 201 200 127
69 203 200 127
69 204 100 127
69 206 200 127
69 208 200 127
69 210 200 127
69 211 100 127
69 213 200 127
69 215 200 127
69 216 100 127
69 218 200 127
69 219 100 127
69 221 200 127
69 223 200 127
69 224 100 127
69 225 100 127
69 227 200 127
69 228 100 127
69 229 100 127
69 231 200 127
69 231 0 127
69 233 200 127
69 234 100 127
69 235 100 127
69 236 100 127
69 237 100 127
69 239 200 127
69 240 100 127
69 241 100 127
69 242 100 127
69 243 100 127
69 243 0 127
69 243 0 127
69 243 0 127
69 243 0 127
69 243 0 127
69 243 0 127
69 243 0 127
69 243 0 127
69 243 0 127
69 243 0 127
69 243 0 127
69 242 -100 127
69 242 0 127
69 242 0 127
69 242 0 127
69 242 0 127
69 242 0 127
69 242 0 127
69 242 0 127
69 242 0 127
69 242 0 127
69 242 0 127
69 242 0 127
69 242 0 127
69 241 -100 127
69 241 0 127
69 241 0 127
69 241 0 127
69 241 0 127
69 241 0 127
69 241 0 127
69 241 0 127
69 241 0 127
69 241 0 127
69 240 -100 127
69 240 0 127
69 240 0 127
69 240 0 127
69 240 0 127
69 240 0 127
69 240 0 127
69 240 0 127
69 240 0 127
69 240 0 127
69 240 0 127
69 240 0 127
69 240 0 127
69 240 0 127
69 240 0 127
69 240 0 127
69 240 0 127
69 240 0 127
69 240 0 127
69 240 0 127
69 240 0 127
69 240 0 127
69 240 0 127
69 240 0 127
69 240 0 127
69 240 0 127
69 240 0 127
69 240 0 127
69 240 0 127
69 240 0 127
69 240 0 127
69 240 0 127
69 240 0 127
69 240 0 127
69 241 100 127
69 241 0 127
69 241 0 127
69 241 0 127
69 241 0 127
69 241 0 127
69 241 0 127
69 241 0 127
69 241 0 127
69 242 100 127
69 242 0 127
69 242 0 127
69 242 0 127
69 242 0 127
69 242 0 127
69 242 0 127
69 242 0 127
69 242 0 127
69 242 0 127
69 242 0 127
69 242 0 127
69 242 0 127
69 242 0 127
69 242 0 127
69 242 0 127
69 242 0 127
69 242 0 127
69 242 0 127
69 242 0 127
69 242 0 127
69 242 0 127
69 242 0 127
69 242 0 127
69 242 0 127
69 242 0 127
69 242 0 127
69 242 0 127
69 241 -100 127
69 241 0 127
69 241 0 127
69 241 0 127
69 241 0 127
69 241 0 127
69 241 0 127
69 241 0 127
69 241 0 127
69 241 0 127
69 241 0 127
69 241 0 127
69 241 0 127
69 241 0 127
69 241 0 127
69 241 0 127
69 241 0 127
69 241 0 127
69 241 0 127
69 241 0 127
69 241 0 127
69 241 0 127
69 241 0 127
69 241 0 127
69 241 0 127
69 241 0 127
69 241 0 127
69 241 0 127
69 241 0 127
69 241 0 127
69 241 0 127
69 241 0 127
69 241 0 127
69 241 0 127
69 241 0 127
69 241 0 127
69 241 0 127
69 241 0 127
69 241 0 127
69 241 0 127
69 241 0 127
69 241 0 127
69 241 0 127
69 241 0 127
69 241 0 127
69 241 0 127
69 241 0 127
69 241 0 127
69 241 0 127
69 241 0 127
69 241 0 127
69 241 0 127
69 241 0 127
69 241 0 127
69 241 0 127
69 241 0 127
69 241 0 127
69 241 0 127
69 241 0 127
69 241 0 127
69 241 0 127
69 241 0 127
69 241 0 127
69 241 0 127
69 241 0 127
69 241 0 127
69 241 0 127
69 241 0 127
69 241 0 127
69 241 0 127
69 241 0 127
69 241 0 127
69 241 0 127
69 241 0 127
69 241 0 127
69 241 0 127
69 241 0 127
69 241 0 127
69 241 0 127
69 241 0 127
69 241 0 127
69 241 0 127
69 241 0 127
69 241 0 127
69 241 0 127
69 241 0 127
69 241 0 127
69 241 0 127
69 241 0 127
69 241 0 127
69 241 0 127
69 241 0 127
69 241 0 127
69 241 0 127
69 241 0 127
69 241 0 127
69 241 0 127
69 241 0 127
69 241 0 127
69 241 0 127
69 241 0 127
69 241 0 127
69 241 0 127
69 241 0 127
69 241 0 127
69 241 0 127
69 241 0 127
69 241 0 127
69 241 0 127
69 241 0 127
69 241 0 127
69 241 0 127
69 241 0 127
69 241 0 127
69 241 0 127
69 241 0 127
69 241 0 127
69 241 0 127
69 241 0 127
69 241 0 127
69 241 0 127
69 241 0 127
69 241 0 127
69 241 0 127
69 241 0 127
69 241 0 127
69 241 0 127
69 241 0 127
69 241 0 127
69 241 0 127
69 241 0 127
69 241 0 127
69 241 0 127
69 241 0 127
69 241 0 127
69 241 0 127
69 241 0 127
69 241 0 127
69 241 0 127
69 241 0 127
69 241 0 127
69 241 0 127
69 241 0 127
69 241 0 127
69 241 0 127
69 241 0 127
69 241 0 127
69 241 0 127
69 241 0 127
69 241 0 127
69 241 0 127
69 241 0 127
69 241 0 127
69 241 0 127
69 241 0 127
69 241 0 127
69 241 0 127
69 241 0 127
69 241 0 127
69 241 0 127
69 241 0 127
69 241 0 127
69 241 0 127
69 241 0 127
69 241 0 127
69 241 0 127
69 241 0 127
69 241 0 127
69 241 0 127
69 241 0 127
69 241 0 127
69 241 0 127
69 241 0 127
69 241 0 127
69 241 0 127
69 241 0 127
69 241 0 127
69 241 0 127
69 241 0 127
69 241 0 127
69 241 0 127
69 241 0 127
69 241 0 127
69 241 0 127
69 241 0 127
69 241 0 127
69 241 0 127
69 241 0 127
69 241 0 127
69 241 0 127
69 241 0 127
69 241 0 127
69 241 0 127
69 241 0 127
69 241 0 127
69 241 0 127
69 241 0 127
69 241 0 127
69 241 0 127
69 241 0 127
69 241 0 127
69 241 0 127
69 241 0 127
69 241 0 127
69 241 0 127
69 241 0 127
69 241 0 127
69 241 0 127
69 241 0 127
69 241 0 127
69 241 0 127
69 241 0 127
69 241 0 127
69 241 0 127
69 241 0 127
69 241 0 127
69 241 0 127
69 241 0 127
69 241 0 127
69 241 0 127
69 241 0 127
69 241 0 127
69 241 0 127
69 241 0 127
69 241 0 127
69 241 0 127
69 241 0 127
69 241 0 127
69 241 0 127
69 241 0 127
69 241 0 127
69 241 0 127
69 241 0 127
69 241 0 127
69 241 0 127
69 241 0 127
69 241 0 127
69 241 0 127
69 241 0 127
69 241 0 127
69 241 0 127
69 241 0 127
69 241 0 127
69 241 0 127
69 241 0 127
69 241 0 127
69 241 0 127
69 241 0 127
69 241 0 127
69 241 0 127
69 241 0 127
69 241 0 127
69 241 0 127
69 241 0 127
69 241 0 127
69 241 0 127
69 241 0 127
69 241 0 127
69 241 0 127
69 241 0 127
69 241 0 127
69 241 0 127
69 241 0 127
69 241 0 127
69 241 0 127
69 241 0 127
69 241 0 127
69 241 0 127
69 241 0 127
69 241 0 127
69 241 0 127
69 241 0 127
69 241 0 127
69 241 0 127
69 241 0 127
69 241 0 127
69 241 0 127
69 241 0 127
69 241 0 127
69 241 0 127
69 241 0 127
69 241 0 127
69 241 0 127
69 241 0 127
69 241 0 127
69 241 0 127
69 241 0 127
69 241 0 127
69 241 0 127
69 241 0 127
69 241 0 127
69 241 0 127
69 241 0 127
69 241 0 127
69 241 0 127
69 241 0 127
69 241 0 127
69 241 0 127
69 241 0 127
69 241 0 127
69 241 0 127
69 241 0 127
69 241 0 127
69 241 0 127
69 241 0 127
69 241 0 127
69 241 0 127
69 241 0 127
69 241 0 127
69 241 0 127
69 241 0 127
69 241 0 127
69 241 0 127
69 241 0 127
69 241 0 127
69 241 0 127
69 241 0 127
69 241 0 127
69 241 0 127
69 241 0 127
69 241 0 127
69 241 0 127
69 241 0 127
69 241 0 127
69 241 0 127
69 241 0 127
69 241 0 127
69 241 0 127
69 241 0 127
69 241 0 127
69 241 0 127
69 241 0 127
69 241 0 127
69 241 0 127
69 241 0 127
69 241 0 127
69 241 0 127
69 241 0 127
69 241 0 127
69 241 0 127
69 241 0 127
69 241 0 127
69 241 0 127
69 241 0 127
69 241 0 127
69 241 0 127
69 241 0 127
69 241 0 127
69 241 0 127
69 241 0 127
69 241 0 127
69 241 0 127
69 241 0 127
69 241 0 127
69 241 0 127
69 241 0 127
69 241 0 127
69 241 0 127
69 241 0 127
69 241 0 127
69 241 0 127
69 241 0 127
69 241 0 127
69 241 0 127
69 241 0 127
69 241 0 127
69 241 0 127
69 241 0 127
69 241 0 127
69 241 0 127
69 241 0 127
69 241 0 127
69 241 0 127
69 241 0 127
69 241 0 127
69 241 0 127
69 241 0 127
69 241 0 127
69 241 0 127
69 241 0 127
69 241 0 127
69 241 0 127
69 241 0 127
69 241 0 127
69 241 0 127
69 241 0 127
69 241 0 127
69 241 0 127
69 241 0 127
69 241 0 127
69 241 0 127
69 241 0 127
69 241 0 127
69 241 0 127
69 241 0 127
69 241 0 127
69 241 0 127
69 241 0 127
69 241 0 127
69 241 0 127
69 241 0 127
69 241 0 127
69 241 0 127
69 241 0 127
69 241 0 127
69 241 0 127
69 241 0 127
69 241 0 127
69 241 0 127
69 241 0 127
69 241 0 127
69 241 0 127
69 241 0 127
69 241 0 127
69 241 0 127
69 241 0 127
69 241 0 127
69 241 0 127
69 241 0 127
69 241 0 127
69 241 0 127
69 241 0 127
69 241 0 127
69 241 0 127
69 241 0 127
69 241 0 127
69 241 0 127
69 241 0 127
69 241 0 127
69 241 0 127
69 241 0 127
69 241 0 127
69 241 0 127
69 241 0 127
69 241 0 127
69 241 0 127
69 241 0 127
69 241 0 127
69 241 0 127
69 241 0 127
69 241 0 127
69 241 0 127
69 241 0 127
69 241 0 127
69 241 0 127
69 241 0 127
69 241 0 127
69 241 0 127
69 241 0 127
69 241 0 127
69 241 0 127
69 241 0 127
69 241 0 127
69 241 0 127
69 241 0 127
69 241 0 127
69 241 0 127
69 241 0 127
69 241 0 127
69 241 0 127
69 241 0 127
69 241 0 127
69 241 0 127
69 241 0 127
69 241 0 127
69 241 0 127
69 241 0 127
69 241 0 127
69 241 0 127
69 241 0 127
69 241 0 127
69 241 0 127
69 241 0 127
69 241 0 127
69 241 0 127
69 241 0 127
69 241 0 127
69 241 0 127
69 241 0 127
69 241 0 127
69 241 0 127
69 241 0 127
69 241 0 127
69 241 0 127
69 241 0 127
69 241 0 127
69 241 0 127
69 241 0 127
69 241 0 127
69 241 0 127
69 241 0 127
69 241 0 127
69 241 0 127
69 241 0 127
69 241 0 127
69 241 0 127
69 241 0 127
69 241 0 127
69 241 0 127
69 241 0 127
69 241 0 127
69 241 0 127
69 241 0 127
69 241 0 127
69 241 0 127
69 241 0 127
69 241 0 127
69 241 0 127
69 241 0 127
69 241 0 127
69 241 0 127
69 241 0 127
69 241 0 127
69 241 0 127
69 241 0 127
69 241 0 127
69 241 0 127
69 241 0 127
69 241 0 127
69 241 0 127
69 241 0 127
69 241 0 127
69 241 0 127
69 241 0 127
69 241 0 127
69 241 0 127
69 241 0 127
69 241 0 127
69 241 0 127
69 241 0 127
69 241 0 127
69 241 0 127
69 241 0 127
69 241 0 127
69 241 0 127
69 241 0 127
69 241 0 127
69 241 0 127
69 241 0 127
69 241 0 127
69 241 0 127
69 241 0 127
69 241 0 127
69 241 0 127
69 241 0 127
69 241 0 127
69 241 0 127
69 241 0 127
69 241 0 127
69 241 0 127
69 241 0 127
69 241 0 127
69 241 0 127
69 241 0 127
69 241 0 127
69 241 0 127
69 241 0 127
69 241 0 127
69 241 0 127
69 241 0 127
69 241 0 127
69 241 0 127
69 241 0 127
69 241 0 127
69 241 0 127
69 241 0 127
69 241 0 127
69 241 0 127
69 241 0 127
69 241 0 127
69 241 0 127
69 241 0 127
69 241 0 127
69 241 0 127
69 241 0 127
69 241 0 127
69 241 0 127
69 241 0 127
69 241 0 127
69 241 0 127
69 241 0 127
69 241 0 127
69 241 0 127
69 241 0 127
69 241 0 127
69 241 0 127
69 241 0 127
69 240 -100 127
69 240 0 127
69 239 -100 127
69 239 0 127
69 238 -100 127
69 237 -100 127
69 236 -100 127
69 235 -100 127
69 234 -100 127
69 233 -100 127
69 231 -200 127
69 229 -200 127
69 228 -100 127
69 227 -100 127
69 226 -100 127
69 225 -100 127
69 224 -100 127
69 223 -100 127
69 223 0 127
69 223 0 127
69 222 -100 127
69 221 -100 127
69 220 -100 127
69 219 -100 127
69 217 -200 127
69 215 -200 127
69 214 -100 127
69 213 -100 127
69 212 -100 127
69 212 0 127
69 211 -100 127
69 211 0 127
69 211 0 127
69 209 -200 127
69 209 0 127
69 207 -200 127
69 207 0 127
69 205 -200 127
69 204 -100 127
69 203 -100 127
69 203 0 127
69 201 -200 127
69 201 0 127
69 200 -100 127
69 199 -100 127
69 199 0 127
69 198 -100 127
69 197 -100 127
69 196 -100 127
69 195 -100 127
69 194 -100 127
69 193 -100 127
69 192 -100 127
69 191 -100 127
69 190 -100 127
69 189 -100 127
69 188 -100 127
69 187 -100 127
69 187 0 127
69 186 -100 127
69 185 -100 127
69 184 -100 127
69 183 -100 127
69 183 0 127
69 181 -200 127
69 181 0 127
69 180 -100 127
69 179 -100 127
69 179 0 127
69 177 -200 127
69 177 0 127
69 176 -100 127
69 175 -100 127
69 175 0 127
69 174 -100 127
69 174 0 127
69 173 -100 127
69 173 0 127
69 173 0 127
69 172 -100 127
69 171 -100 127
69 171 0 127
69 171 0 127
69 171 0 127
69 171 0 127
69 171 0 127
69 171 0 127
69 171 0 127
69 170 -100 127
69 169 -100 127
69 169 0 127
69 169 0 127
69 169 0 127
69 169 0 127
69 169 0 127
69 169 0 127
69 169 0 127
69 168 -100 127
69 168 0 127
69 168 0 127
69 168 0 127
69 168 0 127
69 168 0 127
69 168 0 127
69 168 0 127
69 168 0 127
69 167 -100 127
69 167 0 127
69 167 0 127
69 167 0 127
69 167 0 127
69 167 0 127
69 167 0 127
69 167 0 127
69 167 0 127
69 167 0 127
69 167 0 127
69 167 0 127
69 167 0 127
69 167 0 127
69 167 0 127
69 167 0 127
69 167 0 127
69 167 0 127
69 166 -100 127
69 166 0 127
69 166 0 127
69 166 0 127
69 167 100 127
69 167 0 127
69 166 -100 127
69 165 -100 127
69 165 0 127
69 165 0 127
69 165 0 127
69 165 0 127
69 165 0 127
69 165 0 127
69 165 0 127
69 165 0 127
69 165 0 127
69 164 -100 127
69 164 0 127
69 163 -100 127
69 164 100 127
69 164 0 127
69 164 0 127
69 164 0 127
69 163 -100 127
69 163 0 127
69 163 0 127
69 163 0 127
69 162 -100 127
69 163 100 127
69 163 0 127
69 163 0 127
69 163 0 127
69 162 -100 127
69 161 -100 127
69 161 0 127
69 161 0 127
69 161 0 127
69 161 0 127
69 161 0 127
69 161 0 127
69 161 0 127
69 161 0 127
69 160 -100 127
69 159 -100 127
69 159 0 127
69 159 0 127
69 159 0 127
69 159 0 127
69 159 0 127
69 159 0 127
69 159 0 127
69 159 0 127
69 159 0 127
69 159 0 127
69 159 0 127
69 159 0 127
69 159 0 127
69 159 0 127
69 159 0 127
69 159 0 127
69 159 0 127
69 159 0 127
69 158 -100 127
69 158 0 127
69 159 100 127
69 159 0 127
69 159 0 127
69 159 0 127
69 159 0 127
69 159 0 127
69 158 -100 127
69 158 0 127
69 158 0 127
69 158 0 127
69 158 0 127
69 158 0 127
69 158 0 127
69 158 0 127
69 158 0 127
69 158 0 127
69 157 -100 127
69 157 0 127
69 157 0 127
69 157 0 127
69 157 0 127
69 157 0 127
69 157 0 127
69 157 0 127
69 157 0 127
69 157 0 127
69 157 0 127
69 157 0 127
69 157 0 127
69 157 0 127
69 157 0 127
69 157 0 127
69 157 0 127
69 156 -100 127
69 156 0 127
69 156 0 127
69 156 0 127
69 156 0 127
69 156 0 127
69 156 0 127
69 156 0 127
69 156 0 127
69 155 -100 127
69 155 0 127
69 155 0 127
69 155 0 127
69 155 0 127
69 155 0 127
69 155 0 127
69 155 0 127
69 155 0 127
69 155 0 127
69 154 -100 127
69 154 0 127
69 155 100 127
69 155 0 127
69 155 0 127
69 155 0 127
69 155 0 127
69 154 -100 127
69 154 0 127
69 153 -100 127
69 153 0 127
69 154 100 127
69 154 0 127
69 154 0 127
69 154 0 127
69 154 0 127
69 153 -100 127
69 153 0 127
69 153 0 127
69 153 0 127
69 153 0 127
69 153 0 127
69 153 0 127
69 153 0 127
69 153 0 127
69 153 0 127
69 152 -100 127
69 152 0 127
69 152 0 127
69 152 0 127
69 152 0 127
69 152 0 127
69 152 0 127
69 152 0 127
69 151 -100 127
69 151 0 127
69 150 -100 127
69 150 0 127
69 150 0 127
69 150 0 127
69 150 0 127
69 150 0 127
69 150 0 127
69 149 -100 127
69 149 0 127
69 149 0 127
69 148 -100 127
69 148 0 127
69 148 0 127
69 148 0 127
69 148 0 127
69 148 0 127
69 147 -100 127
69 147 0 127
69 146 -100 127
69 145 -100 127
69 145 0 127
69 145 0 127
69 145 0 127
69 145 0 127
69 145 0 127
69 145 0 127
69 144 -100 127
69 144 0 127
69 143 -100 127
69 143 0 127
69 143 0 127
69 143 0 127
69 143 0 127
69 143 0 127
69 142 -100 127
69 141 -100 127
69 141 0 127
69 141 0 127
69 140 -100 127
69 140 0 127
69 140 0 127
69 140 0 127
69 139 -100 127
69 139 0 127
69 139 0 127
69 139 0 127
69 139 0 127
69 138 -100 127
69 138 0 127
69 137 -100 127
69 137 0 127
69 137 0 127
69 137 0 127
69 137 0 127
69 136 -100 127
69 136 0 127
69 136 0 127
69 135 -100 127
69 135 0 127
69 135 0 127
69 135 0 127
69 135 0 127
69 135 0 127
69 134 -100 127
69 134 0 127
69 134 0 127
69 134 0 127
69 134 0 127
69 134 0 127
69 134 0 127
69 134 0 127
69 133 -100 127
69 133 0 127
69 133 0 127
69 133 0 127
69 133 0 127
69 133 0 127
69 134 100 127
69 134 0 127
69 134 0 127
69 134 0 127
69 133 -100 127
69 133 0 127
69 133 0 127
69 134 100 127
69 134 0 127
69 135 100 127
69 135 0 127
69 135 0 127
69 134 -100 127
69 134 0 127
69 134 0 127
69 134 0 127
69 134 0 127
69 135 100 127
69 135 0 127
69 135 0 127
69 135 0 127
69 135 0 127
69 134 -100 127
69 134 0 127
69 134 0 127
69 134 0 127
69 134 0 127
69 135 100 127
69 135 0 127
69 135 0 127
69 134 -100 127
69 134 0 127
69 133 -100 127
69 133 0 127
69 133 0 127
69 133 0 127
69 134 100 127
69 134 0 127
69 134 0 127
69 133 -100 127
69 133 0 127
69 133 0 127
69 133 0 127
69 133 0 127
69 133 0 127
69 133 0 127
69 133 0 127
69 133 0 127
69 133 0 127
69 132 -100 127
69 132 0 127
69 132 0 127
69 132 0 127
69 132 0 127
69 132 0 127
69 132 0 127
69 132 0 127
69 132 0 127
69 132 0 127
69 131 -100 127
69 131 0 127
69 131 0 127
69 131 0 127
69 132 100 127
69 132 0 127
69 131 -100 127
69 131 0 127
69 131 0 127
69 131 0 127
69 131 0 127
69 131 0 127
69 131 0 127
69 131 0 127
69 131 0 127
69 131 0 127
69 131 0 127
69 131 0 127
69 131 0 127
69 131 0 127
69 131 0 127
69 131 0 127
69 132 100 127
69 132 0 127
69 132 0 127
69 131 -100 127
69 131 0 127
69 131 0 127
69 131 0 127
69 131 0 127
69 132 100 127
69 132 0 127
69 132 0 127
69 132 0 127
69 132 0 127
69 132 0 127
69 131 -100 127
69 131 0 127
69 131 0 127
69 132 100 127
69 132 0 127
69 132 0 127
69 132 0 127
69 132 0 127
69 132 0 127
69 132 0 127
69 132 0 127
69 132 0 127
69 132 0 127
69 132 0 127
69 132 0 127
69 132 0 127
69 132 0 127
69 132 0 127
69 132 0 127
69 132 0 127
69 132 0 127
69 132 0 127
69 132 0 127
69 132 0 127
69 132 0 127
69 132 0 127
69 132 0 127
69 132 0 127
69 132 0 127
69 132 0 127
69 132 0 127
69 132 0 127
69 132 0 127
69 132 0 127
69 132 0 127
69 132 0 127
69 132 0 127
69 132 0 127
69 132 0 127
69 132 0 127
69 132 0 127
69 132 0 127
69 132 0 127
69 132 0 127
69 132 0 127
69 131 -100 127
69 131 0 127
69 132 100 127
69 132 0 127
69 132 0 127
69 132 0 127
69 132 0 127
69 132 0 127
69 132 0 127
69 131 -100 127
69 131 0 127
69 132 100 127
69 132 0 127
69 132 0 127
69 132 0 127
69 132 0 127
69 132 0 127
69 132 0 127
69 131 -100 127
69 131 0 127
69 132 100 127
69 132 0 127
69 132 0 127
69 132 0 127
69 132 0 127
69 132 0 127
69 132 0 127
69 132 0 127
69 131 -100 127
69 132 100 127
69 132 0 127
69 132 0 127
69 132 0 127
69 132 0 127
69 132 0 127
69 132 0 127
69 131 -100 127
69 131 0 127
69 132 100 127
69 132 0 127
69 132 0 127
69 132 0 127
69 132 0 127
69 132 0 127
69 132 0 127
69 131 -100 127
69 131 0 127
69 132 100 127
69 132 0 127
69 132 0 127
69 132 0 127
69 132 0 127
69 132 0 127
69 132 0 127
69 131 -100 127
69 131 0 127
69 132 100 127
69 132 0 127
69 132 0 127
69 132 0 127
69 132 0 127
69 132 0 127
69 132 0 127
69 132 0 127
69 132 0 127
69 132 0 127
69 132 0 127
69 132 0 127
69 132 0 127
69 132 0 127
69 132 0 127
69 132 0 127
69 132 0 127
69 132 0 127
69 132 0 127
69 132 0 127
69 132 0 127
69 132 0 127
69 132 0 127
69 131 -100 127
69 131 0 127
69 130 -100 127
69 129 -100 127
69 129 0 127
69 129 0 127
69 129 0 127
69 129 0 127
69 128 -100 127
69 128 0 127
69 127 -100 127
69 127 0 127
69 126 -100 127
69 125 -100 127
69 124 -100 127
69 123 -100 127
69 123 0 127
69 122 -100 127
69 121 -100 127
69 121 0 127
69 120 -100 127
69 119 -100 127
69 118 -100 127
69 117 -100 127
69 115 -200 127
69 115 0 127
69 113 -200 127
69 112 -100 127
69 111 -100 127
69 111 0 127
69 109 -200 127
69 109 0 127
69 107 -200 127
69 107 0 127
69 105 -200 127
69 104 -100 127
69 103 -100 127
69 101 -200 127
69 100 -100 127
69 99 -100 127
69 98 -100 127
69 97 -100 127
69 96 -100 125
69 95 -100 120
69 93 -200 100
69 92 -100 105
69 91 -100 100
69 90 -100 95
69 89 -100 90
69 87 -200 70
69 86 -100 75
69 85 -100 70
69 83 -200 50
69 82 -100 55
69 81 -100 50
69 79 -200 30
69 79 0 50
69 77 -200 20
69 76 -100 25
69 75 -100 20
69 74 -100 15
69 73 -100 10
69 72 -100 5
69 72 0 15
69 71 -100 0
69 71 0 10
69 71 0 10
69 71 0 10
69 71 0 10
69 71 0 10
69 71 0 10
69 71 0 10
69 70 -100 -5
69 69 -100 -10
69 69 0 0
69 69 0 0
69 69 0 0
69 69 0 0
69 69 0 0
69 69 0 0
69 70 100 15
69 71 100 20
69 72 100 25
69 73 100 30
69 73 0 20
69 75 200 50
69 75 0 30
69 76 100 45
69 77 100 50
69 77 0 40
69 77 0 40
69 78 100 55
69 79 100 60
69 79 0 50
69 80 100 65
69 81 100 70
69 82 100 75
69 83 100 80
69 84 100 85
69 85 100 90
69 86 100 95
69 87 100 100
69 87 0 90
69 88 100 105
69 89 100 110
69 89 0 100
69 90 100 115
69 91 100 120
69 92 100 125
69 93 100 127
69 95 200 127
69 96 100 127
69 97 100 127
69 99 200 127
69 101 200 127
69 103 200 127
69 104 100 127
69 105 100 127
69 107 200 127
69 108 100 127
69 109 100 127
69 111 200 127
69 111 0 127
69 113 200 127
69 115 200 127
69 116 100 127
69 117 100 127
69 119 200 127
69 121 200 127
69 124 300 127
69 126 200 127
69 128 200 127
69 131 300 127
69 132 100 127
69 135 300 127
69 136 100 127
69 138 200 127
69 140 200 127
69 143 300 127
69 146 300 127
69 149 300 127
69 152 300 127
69 155 300 127
69 157 200 127
69 159 200 127
69 161 200 127
69 163 200 127
69 166 300 127
69 169 300 127
69 171 200 127
69 173 200 127
69 176 300 127
69 179 300 127
69 180 100 127
69 183 300 127
69 185 200 127
69 187 200 127
69 189 200 127
69 191 200 127
69 193 200 127
69 195 200 127
69 196 100 127
69 197 100 127
69 199 200 127
69 201 200 127
69 203 200 127
69 204 100 127
69 206 200 127
69 207 100 127
69 209 200 127
69 211 200 127
69 213 200 127
69 215 200 127
69 217 200 127
69 219 200 127
69 222 300 127
69 224 200 127
69 227 300 127
69 229 200 127
69 231 200 127
69 233 200 127
69 235 200 127
69 237 200 127
69 239 200 127
69 239 0 127
69 240 100 127
69 241 100 127
69 242 100 127
69 243 100 127
69 243 0 127
69 243 0 127
69 244 100 127
69 244 0 127
69 244 0 127
69 243 -100 127
69 243 0 127
69 243 0 127
69 243 0 127
69 243 0 127
69 243 0 127
69 243 0 127
69 243 0 127
69 243 0 127
69 243 0 127
69 243 0 127
69 243 0 127
69 243 0 127
69 242 -100 127
69 242 0 127
69 242 0 127
69 241 -100 127
69 241 0 127
69 241 0 127
69 240 -100 127
69 239 -100 127
69 239 0 127
69 239 0 127
69 238 -100 127
69 237 -100 127
69 237 0 127
69 236 -100 127
69 235 -100 127
69 235 0 127
69 235 0 127
69 234 -100 127
69 234 0 127
69 233 -100 127
69 233 0 127
69 233 0 127
69 232 -100 127
69 232 0 127
69 231 -100 127
69 231 0 127
69 231 0 127
69 230 -100 127
69 229 -100 127
69 229 0 127
69 228 -100 127
69 228 0 127
69 227 -100 127
69 227 0 127
69 227 0 127
69 227 0 127
69 227 0 127
69 227 0 127
69 227 0 127
69 227 0 127
69 227 0 127
69 227 0 127
69 228 100 127
69 228 0 127
69 228 0 127
69 228 0 127
69 228 0 127
69 228 0 127
69 228 0 127
69 228 0 127
69 228 0 127
69 228 0 127
69 228 0 127
69 228 0 127
69 228 0 127
69 228 0 127
69 228 0 127
69 228 0 127
69 228 0 127
69 228 0 127
69 228 0 127
69 228 0 127
69 228 0 127
69 228 0 127
69 228 0 127
69 228 0 127
69 228 0 127
69 228 0 127
69 228 0 127
69 228 0 127
69 228 0 127
69 228 0 127
69 228 0 127
69 228 0 127
69 228 0 127
69 228 0 127
69 228 0 127
69 228 0 127
69 228 0 127
69 228 0 127
69 228 0 127
69 228 0 127
69 228 0 127
69 228 0 127
69 228 0 127
69 228 0 127
69 228 0 127
69 228 0 127
69 228 0 127
69 228 0 127
69 228 0 127
69 228 0 127
69 228 0 127
69 228 0 127
69 228 0 127
69 228 0 127
69 228 0 127
69 228 0 127
69 228 0 127
69 228 0 127
69 228 0 127
69 228 0 127
69 228 0 127
69 227 -100 127
69 227 0 127
69 227 0 127
69 227 0 127
69 227 0 127
69 227 0 127
69 227 0 127
69 227 0 127
69 227 0 127
69 227 0 127
69 227 0 127
69 227 0 127
69 227 0 127
69 227 0 127
69 227 0 127
69 227 0 127
69 227 0 127
69 227 0 127
69 227 0 127
69 227 0 127
69 228 100 127
69 228 0 127
69 228 0 127
69 228 0 127
69 228 0 127
69 228 0 127
69 228 0 127
69 228 0 127
69 228 0 127
69 228 0 127
69 228 0 127
69 228 0 127
69 228 0 127
69 228 0 127
69 228 0 127
69 228 0 127
69 228 0 127
69 228 0 127
69 228 0 127
69 228 0 127
69 228 0 127
69 228 0 127
69 228 0 127
69 228 0 127
69 228 0 127
69 228 0 127
69 228 0 127
69 228 0 127
69 228 0 127
69 228 0 127
69 228 0 127
69 228 0 127
69 228 0 127
69 228 0 127
69 228 0 127
69 228 0 127
69 228 0 127
69 228 0 127
69 228 0 127
69 228 0 127
69 228 0 127
69 228 0 127
69 228 0 127
69 228 0 127
69 228 0 127
69 228 0 127
69 228 0 127
69 228 0 127
69 228 0 127
69 228 0 127
69 228 0 127
69 228 0 127
69 228 0 127
69 228 0 127
69 228 0 127
69 228 0 127
69 228 0 127
69 228 0 127
69 228 0 127
69 228 0 127
69 228 0 127
69 228 0 127
69 228 0 127
69 228 0 127
69 228 0 127
69 228 0 127
69 228 0 127
69 228 0 127
69 228 0 127
69 228 0 127
69 228 0 127
69 228 0 127
69 228 0 127
69 228 0 127
69 228 0 127
69 228 0 127
69 228 0 127
69 228 0 127
69 228 0 127
69 228 0 127
69 228 0 127
69 228 0 127
69 228 0 127
69 228 0 127
69 228 0 127
69 228 0 127
69 228 0 127
69 228 0 127
69 228 0 127
69 228 0 127
69 228 0 127
69 228 0 127
69 228 0 127
69 228 0 127
69 228 0 127
69 228 0 127
69 228 0 127
69 228 0 127
69 228 0 127
69 228 0 127
69 228 0 127
69 228 0 127
69 228 0 127
69 228 0 127
69 228 0 127
69 228 0 127
69 228 0 127
69 228 0 127
69 228 0 127
69 228 0 127
69 227 -100 127
69 227 0 127
69 227 0 127
69 226 -100 127
69 225 -100 127
69 223 -200 127
69 223 0 127
69 221 -200 127
69 219 -200 127
69 219 0 127
69 218 -100 127
69 217 -100 127
69 217 0 127
69 216 -100 127
69 216 0 127
69 215 -100 127
69 215 0 127
69 214 -100 127
69 213 -100 127
69 211 -200 127
69 211 0 127
69 209 -200 127
69 208 -100 127
69 208 0 127
69 207 -100 127
69 207 0 127
69 207 0 127
69 207 0 127
69 205 -200 127
69 205 0 127
69 203 -200 127
69 203 0 127
69 201 -200 127
69 201 0 127
69 200 -100 127
69 199 -100 127
69 199 0 127
69 199 0 127
69 199 0 127
69 197 -200 127
69 197 0 127
69 196 -100 127
69 195 -100 127
69 195 0 127
69 195 0 127
69 194 -100 127
69 193 -100 127
69 192 -100 127
69 191 -100 127
69 191 0 127
69 191 0 127
69 189 -200 127
69 189 0 127
69 188 -100 127
69 188 0 127
69 187 -100 127
69 187 0 127
69 185 -200 127
69 185 0 127
69 184 -100 127
69 183 -100 127
69 183 0 127
69 182 -100 127
69 181 -100 127
69 181 0 127
69 179 -200 127
69 179 0 127
69 178 -100 127
69 177 -100 127
69 177 0 127
69 177 0 127
69 177 0 127
69 176 -100 127
69 175 -100 127
69 175 0 127
69 175 0 127
69 175 0 127
69 175 0 127
69 175 0 127
69 175 0 127
69 174 -100 127
69 173 -100 127
69 173 0 127
69 173 0 127
69 173 0 127
69 173 0 127
69 173 0 127
69 173 0 127
69 173 0 127
69 173 0 127
69 172 -100 127
69 171 -100 127
69 171 0 127
69 171 0 127
69 171 0 127
69 171 0 127
69 171 0 127
69 171 0 127
69 171 0 127
69 171 0 127
69 171 0 127
69 171 0 127
69 171 0 127
69 171 0 127
69 171 0 127
69 171 0 127
69 171 0 127
69 171 0 127
69 170 -100 127
69 169 -100 127
69 169 0 127
69 169 0 127
69 169 0 127
69 169 0 127
69 169 0 127
69 169 0 127
69 169 0 127
69 169 0 127
69 168 -100 127
69 168 0 127
69 168 0 127
69 168 0 127
69 168 0 127
69 168 0 127
69 168 0 127
69 168 0 127
69 167 -100 127
69 167 0 127
69 167 0 127
69 167 0 127
69 167 0 127
69 167 0 127
69 167 0 127
69 167 0 127
69 167 0 127
69 166 -100 127
69 165 -100 127
69 165 0 127
69 165 0 127
69 165 0 127
69 165 0 127
69 165 0 127
69 165 0 127
69 165 0 127
69 165 0 127
69 164 -100 127
69 164 0 127
69 164 0 127
69 164 0 127
69 164 0 127
69 164 0 127
69 164 0 127
69 164 0 127
69 163 -100 127
69 163 0 127
69 163 0 127
69 163 0 127
69 163 0 127
69 163 0 127
69 163 0 127
69 163 0 127
69 163 0 127
69 162 -100 127
69 161 -100 127
69 161 0 127
69 161 0 127
69 161 0 127
69 161 0 127
69 161 0 127
69 161 0 127
69 161 0 127
69 161 0 127
69 161 0 127
69 160 -100 127
69 160 0 127
69 161 100 127
69 161 0 127
69 161 0 127
69 161 0 127
69 161 0 127
69 160 -100 127
69 160 0 127
69 160 0 127
69 160 0 127
69 160 0 127
69 160 0 127
69 160 0 127
69 160 0 127
69 160 0 127
69 160 0 127
69 159 -100 127
69 159 0 127
69 159 0 127
69 160 100 127
69 160 0 127
69 160 0 127
69 160 0 127
69 160 0 127
69 159 -100 127
69 159 0 127
69 159 0 127
69 159 0 127
69 159 0 127
69 159 0 127
69 159 0 127
69 159 0 127
69 159 0 127
69 159 0 127
69 159 0 127
69 159 0 127
69 159 0 127
69 159 0 127
69 159 0 127
69 159 0 127
69 159 0 127
69 159 0 127
69 159 0 127
69 158 -100 127
69 158 0 127
69 158 0 127
69 158 0 127
69 158 0 127
69 158 0 127
69 158 0 127
69 158 0 127
69 158 0 127
69 157 -100 127
69 157 0 127
69 157 0 127
69 157 0 127
69 157 0 127
69 157 0 127
69 157 0 127
69 157 0 127
69 157 0 127
69 157 0 127
69 157 0 127
69 157 0 127
69 157 0 127
69 157 0 127
69 157 0 127
69 157 0 127
69 157 0 127
69 156 -100 127
69 156 0 127
69 155 -100 127
69 155 0 127
69 156 100 127
69 156 0 127
69 156 0 127
69 156 0 127
69 156 0 127
69 155 -100 127
69 155 0 127
69 155 0 127
69 155 0 127
69 155 0 127
69 155 0 127
69 155 0 127
69 155 0 127
69 155 0 127
69 155 0 127
69 155 0 127
69 155 0 127
69 155 0 127
69 155 0 127
69 155 0 127
69 155 0 127
69 155 0 127
69 155 0 127
69 155 0 127
69 155 0 127
69 155 0 127
69 155 0 127
69 155 0 127
69 155 0 127
69 155 0 127
69 155 0 127
69 155 0 127
69 155 0 127
69 154 -100 127
69 154 0 127
69 154 0 127
69 154 0 127
69 154 0 127
69 154 0 127
69 154 0 127
69 154 0 127
69 154 0 127
69 153 -100 127
69 153 0 127
69 153 0 127
69 153 0 127
69 153 0 127
69 153 0 127
69 153 0 127
69 153 0 127
69 153 0 127
69 152 -100 127
69 152 0 127
69 152 0 127
69 152 0 127
69 152 0 127
69 152 0 127
69 152 0 127
69 152 0 127
69 152 0 127
69 151 -100 127
69 151 0 127
69 151 0 127
69 151 0 127
69 151 0 127
69 151 0 127
69 151 0 127
69 151 0 127
69 151 0 127
69 151 0 127
69 151 0 127
69 151 0 127
69 151 0 127
69 151 0 127
69 151 0 127
69 151 0 127
69 151 0 127
69 151 0 127
69 150 -100 127
69 150 0 127
69 150 0 127
69 150 0 127
69 150 0 127
69 150 0 127
69 150 0 127
69 150 0 127
69 150 0 127
69 149 -100 127
69 149 0 127
69 149 0 127
69 149 0 127
69 149 0 127
69 149 0 127
69 149 0 127
69 149 0 127
69 149 0 127
69 149 0 127
69 149 0 127
69 149 0 127
69 149 0 127
69 149 0 127
69 149 0 127
69 149 0 127
69 149 0 127
69 149 0 127
69 149 0 127
69 149 0 127
69 149 0 127
69 149 0 127
69 149 0 127
69 149 0 127
69 149 0 127
69 149 0 127
69 149 0 127
69 149 0 127
69 149 0 127
69 149 0 127
69 149 0 127
69 149 0 127
69 149 0 127
69 149 0 127
69 149 0 127
69 149 0 127
69 149 0 127
69 149 0 127
69 149 0 127
69 149 0 127
69 149 0 127
69 150 100 127
69 150 0 127
69 150 0 127
69 150 0 127
69 150 0 127
69 150 0 127
69 150 0 127
69 150 0 127
69 150 0 127
69 150 0 127
69 150 0 127
69 149 -100 127
69 149 0 127
69 149 0 127
69 148 -100 127
69 148 0 127
69 147 -100 127
69 147 0 127
69 147 0 127
69 147 0 127
69 147 0 127
69 146 -100 127
69 146 0 127
69 145 -100 127
69 145 0 127
69 145 0 127
69 145 0 127
69 145 0 127
69 145 0 127
69 145 0 127
69 145 0 127
69 145 0 127
69 145 0 127
69 145 0 127
69 145 0 127
69 145 0 127
69 145 0 127
69 145 0 127
69 145 0 127
69 145 0 127
69 145 0 127
69 145 0 127
69 145 0 127
69 145 0 127
69 145 0 127
69 145 0 127
69 145 0 127
69 145 0 127
69 145 0 127
69 145 0 127
69 145 0 127
69 145 0 127
69 145 0 127
69 145 0 127
69 145 0 127
69 145 0 127
69 145 0 127
69 145 0 127
69 145 0 127
69 145 0 127
69 145 0 127
69 145 0 127
69 145 0 127
69 145 0 127
69 145 0 127
69 145 0 127
69 145 0 127
69 145 0 127
69 145 0 127
69 145 0 127
69 145 0 127
69 145 0 127
69 145 0 127
69 145 0 127
69 145 0 127
69 145 0 127
69 145 0 127
69 145 0 127
69 145 0 127
69 145 0 127
69 145 0 127
69 145 0 127
69 145 0 127
69 145 0 127
69 145 0 127
69 145 0 127
69 145 0 127
69 145 0 127
69 145 0 127
69 145 0 127
69 145 0 127
69 145 0 127
69 145 0 127
69 145 0 127
69 145 0 127
69 145 0 127
69 145 0 127
69 145 0 127
69 145 0 127
69 145 0 127
69 145 0 127
69 145 0 127
69 145 0 127
69 145 0 127
69 145 0 127
69 145 0 127
69 145 0 127
69 145 0 127
69 145 0 127
69 145 0 127
69 145 0 127
69 145 0 127
69 145 0 127
69 145 0 127
69 145 0 127
69 145 0 127
69 145 0 127
69 145 0 127
69 145 0 127
69 145 0 127
69 145 0 127
69 145 0 127
69 145 0 127
69 145 0 127
69 145 0 127
69 145 0 127
69 145 0 127
69 145 0 127
69 145 0 127
69 145 0 127
69 145 0 127
69 145 0 127
69 145 0 127
69 144 -100 127
69 144 0 127
69 144 0 127
69 144 0 127
69 144 0 127
69 144 0 127
69 144 0 127
69 144 0 127
69 144 0 127
69 144 0 127
69 144 0 127
69 144 0 127
69 145 100 127
69 145 0 127
69 145 0 127
69 145 0 127
69 145 0 127
69 146 100 127
69 146 0 127
69 147 100 127
69 147 0 127
69 147 0 127
69 147 0 127
69 147 0 127
69 147 0 127
69 147 0 127
69 147 0 127
69 147 0 127
69 147 0 127
69 147 0 127
69 147 0 127
69 147 0 127
69 147 0 127
69 147 0 127
69 147 0 127
69 147 0 127
69 147 0 127
69 147 0 127
69 147 0 127
69 147 0 127
69 147 0 127
69 147 0 127
69 147 0 127
69 147 0 127
69 147 0 127
69 147 0 127
69 147 0 127
69 147 0 127
69 147 0 127
69 147 0 127
69 147 0 127
69 146 -100 127
69 146 0 127
69 146 0 127
69 146 0 127
69 146 0 127
69 146 0 127
69 146 0 127
69 146 0 127
69 146 0 127
69 146 0 127
69 146 0 127
69 146 0 127
69 146 0 127
69 146 0 127
69 146 0 127
69 146 0 127
69 146 0 127
69 146 0 127
69 146 0 127
69 146 0 127
69 146 0 127
69 146 0 127
69 146 0 127
69 147 100 127
69 147 0 127
69 146 -100 127
69 146 0 127
69 146 0 127
69 146 0 127
69 146 0 127
69 146 0 127
69 146 0 127
69 146 0 127
69 146 0 127
69 146 0 127
69 146 0 127
69 146 0 127
69 146 0 127
69 146 0 127
69 146 0 127
69 146 0 127
69 146 0 127
69 146 0 127
69 146 0 127
69 146 0 127
69 146 0 127
69 146 0 127
69 146 0 127
69 146 0 127
69 146 0 127
69 146 0 127
69 146 0 127
69 146 0 127
69 146 0 127
69 146 0 127
69 146 0 127
69 146 0 127
69 146 0 127
69 146 0 127
69 146 0 127
69 146 0 127
69 146 0 127
69 146 0 127
69 146 0 127
69 146 0 127
69 146 0 127
69 146 0 127
69 146 0 127
69 146 0 127
69 146 0 127
69 146 0 127
69 146 0 127
69 146 0 127
69 146 0 127
69 146 0 127
69 146 0 127
69 146 0 127
69 146 0 127
69 146 0 127
69 146 0 127
69 146 0 127
69 146 0 127
69 146 0 127
69 146 0 127
69 146 0 127
69 146 0 127
69 146 0 127
69 146 0 127
69 146 0 127
69 146 0 127
69 146 0 127
69 146 0 127
69 146 0 127
69 146 0 127
69 146 0 127
69 146 0 127
69 146 0 127
69 146 0 127
69 146 0 127
69 146 0 127
69 146 0 127
69 146 0 127
69 146 0 127
69 146 0 127
69 146 0 127
69 146 0 127
69 146 0 127
69 146 0 127
69 146 0 127
69 146 0 127
69 146 0 127
69 146 0 127
69 146 0 127
69 146 0 127
69 146 0 127
69 146 0 127
69 146 0 127
69 146 0 127
69 146 0 127
69 146 0 127
69 146 0 127
69 147 100 127
69 147 0 127
69 147 0 127
69 146 -100 127
69 146 0 127
69 146 0 127
69 146 0 127
69 146 0 127
69 146 0 127
69 147 100 127
69 147 0 127
69 147 0 127
69 147 0 127
69 146 -100 127
69 146 0 127
69 146 0 127
69 146 0 127
69 146 0 127
69 147 100 127
69 147 0 127
69 147 0 127
69 146 -100 127
69 146 0 127
69 146 0 127
69 146 0 127
69 146 0 127
69 146 0 127
69 146 0 127
69 146 0 127
69 146 0 127
69 146 0 127
69 146 0 127
69 146 0 127
69 146 0 127
69 146 0 127
69 146 0 127
69 146 0 127
69 146 0 127
69 146 0 127
69 146 0 127
69 146 0 127
69 146 0 127
69 146 0 127
69 146 0 127
69 146 0 127
69 146 0 127
69 146 0 127
69 146 0 127
69 146 0 127
69 146 0 127
69 146 0 127
69 146 0 127
69 146 0 127
69 146 0 127
69 146 0 127
69 146 0 127
69 146 0 127
69 146 0 127
69 146 0 127
69 146 0 127
69 146 0 127
69 146 0 127
69 146 0 127
69 146 0 127
69 146 0 127
69 146 0 127
69 146 0 127
69 146 0 127
69 146 0 127
69 146 0 127
69 146 0 127
69 146 0 127
69 146 0 127
69 146 0 127
69 146 0 127
69 146 0 127
69 146 0 127
69 146 0 127
69 146 0 127
69 146 0 127
69 146 0 127
69 147 100 127
69 147 0 127
69 147 0 127
69 147 0 127
69 146 -100 127
69 146 0 127
69 146 0 127
69 146 0 127
69 146 0 127
69 147 100 127
69 147 0 127
69 147 0 127
69 147 0 127
69 146 -100 127
69 146 0 127
69 146 0 127
69 146 0 127
69 146 0 127
69 146 0 127
69 147 100 127
69 147 0 127
69 146 -100 127
69 146 0 127
69 146 0 127
69 146 0 127
69 146 0 127
69 146 0 127
69 146 0 127
69 146 0 127
69 146 0 127
69 146 0 127
69 146 0 127
69 146 0 127
69 146 0 127
69 146 0 127
69 146 0 127
69 146 0 127
69 146 0 127
69 146 0 127
69 146 0 127
69 146 0 127
69 146 0 127
69 146 0 127
69 146 0 127
69 146 0 127
69 146 0 127
69 146 0 127
69 147 100 127
69 146 -100 127
69 146 0 127
69 146 0 127
69 146 0 127
69 146 0 127
69 146 0 127
69 146 0 127
69 146 0 127
69 147 100 127
69 146 -100 127
69 146 0 127
69 146 0 127
69 146 0 127
69 146 0 127
69 146 0 127
69 146 0 127
69 147 100 127
69 147 0 127
69 146 -100 127
69 146 0 127
69 146 0 127
69 146 0 127
69 146 0 127
