Default: 0 Min: -127 Max: 127 KP : -10.00 KD: -0.10
[LIFT 1] 83 83 0 0
[LIFT 2] 287 287 0 0
[LIFT 1] 83 83 0 0
[LIFT 2] 287 287 0 0
[LIFT 1] 83 83 0 0
[LIFT 2] 287 287 0 0
[LIFT 1] 83 83 0 0
[LIFT 2] 287 287 0 0
[LIFT 1] 83 83 0 0
[LIFT 2] 287 287 0 0
[LIFT 1] 83 83 0 0
[LIFT 2] 287 287 0 0
[LIFT 1] 83 83 0 0
[LIFT 2] 287 287 0 0
[LIFT 1] 83 83 0 0
[LIFT 2] 287 287 0 0
[LIFT 1] 83 83 0 0
[LIFT 2] 287 287 0 0
[LIFT 1] 83 83 0 0
[LIFT 2] 287 287 0 0
[LIFT 1] 83 83 0 0
[LIFT 2] 287 287 0 0
[LIFT 1] 83 82 -100 5
[LIFT 2] 287 287 0 0
[LIFT 1] 83 82 0 5
[LIFT 2] 287 287 0 0
[LIFT 1] 83 82 0 5
[LIFT 2] 287 287 0 0
[LIFT 1] 83 82 0 5
[LIFT 2] 287 287 0 0
[LIFT 1] 83 82 0 5
[LIFT 2] 287 287 0 0
[LIFT 1] 83 81 -100 10
[LIFT 2] 287 287 0 0
[LIFT 1] 83 81 0 10
[LIFT 2] 287 287 0 0
[LIFT 1] 83 81 0 10
[LIFT 2] 287 287 0 0
[LIFT 1] 83 81 0 10
[LIFT 2] 287 287 0 0
[LIFT 1] 83 81 0 10
[LIFT 2] 287 287 0 0
[LIFT 1] 83 81 0 10
[LIFT 2] 287 287 0 0
[LIFT 1] 83 81 0 10
[LIFT 2] 287 287 0 0
[LIFT 1] 83 80 -100 15
[LIFT 2] 287 287 0 0
[LIFT 1] 83 80 0 15
[LIFT 2] 287 287 0 0
[LIFT 1] 83 80 0 15
[LIFT 2] 287 287 0 0
[LIFT 1] 83 80 0 15
[LIFT 2] 287 287 0 0
[LIFT 1] 83 80 0 15
[LIFT 2] 287 287 0 0
[LIFT 1] 83 80 0 15
[LIFT 2] 287 287 0 0
[LIFT 1] 83 80 0 15
[LIFT 2] 287 287 0 0
[LIFT 1] 83 80 0 15
[LIFT 2] 287 287 0 0
[LIFT 1] 83 80 0 15
[LIFT 2] 287 287 0 0
[LIFT 1] 83 80 0 15
[LIFT 2] 287 287 0 0
[LIFT 1] 83 80 0 15
[LIFT 2] 287 287 0 0
[LIFT 1] 83 80 0 15
[LIFT 2] 287 287 0 0
[LIFT 1] 83 80 0 15
[LIFT 2] 287 287 0 0
[LIFT 1] 83 80 0 15
[LIFT 2] 287 287 0 0
[LIFT 1] 83 80 0 15
[LIFT 2] 287 287 0 0
[LIFT 1] 83 80 0 15
[LIFT 2] 287 287 0 0
[LIFT 1] 83 80 0 15
[LIFT 2] 287 287 0 0
[LIFT 1] 83 80 0 15
[LIFT 2] 287 287 0 0
[LIFT 1] 83 80 0 15
[LIFT 2] 287 287 0 0
[LIFT 1] 83 80 0 15
[LIFT 2] 287 287 0 0
[LIFT 1] 83 80 0 15
[LIFT 2] 287 287 0 0
[LIFT 1] 83 80 0 15
[LIFT 2] 287 287 0 0
[LIFT 1] 83 80 
[LIFT 2] 287 287 0 0
[LIFT 1] 83 80 0 15
[LIFT 2] 287 287 0 0
[LIFT 1] 83 80 0 15
[LIFT 2] 287 287 0 0
[LIFT 1] 83 80 0 15
[LIFT 2] 287 287 0 0
[LIFT 1] 83 80 0 15
[LIFT 2] 287 287 0 0
[LIFT 1] 83
[LIFT 2] 287 287 0 0
[LIFT 1] 83 80 0 15
[LIFT 2] 287 287 0 0
[LIFT 1] 83 80 0 15
[LIFT 2] 287 287 0 0
[LIFT 1] 83 80 0 15
[LIFT 2] 287 287 0 0
[LIFT 1] 83 80 0 15
[LIFT 2] 287 287 0 0
[LIFT 1] 83
[LIFT 2] 287 287 0 0
[LIFT 1] 83 80 0 15
[LIFT 2] 287 287 0 0
[LIFT 1] 83 80 0 15
[LIFT 2] 287 287 0 0
[LIFT 1] 83 80 0 15
[LIFT 2] 287 287 0 0
[LIFT 1] 83 80 0 15
[LIFT 2] 287 287 0 0
[LIFT 1] 83
[LIFT 2] 287 287 0 0
[LIFT 1] 83 80 0 15
[LIFT 2] 287 287 0 0
[LIFT 1] 83 80 0 15
[LIFT 2] 287 287 0 0
[LIFT 1] 83 80 0 15
[LIFT 2] 287 287 0 0
[LIFT 1] 83 80 0 15
[LIFT 2] 287 287 0 0
[LIFT 1] 83
[LIFT 2] 287 287 0 0
[LIFT 1] 83 80 0 15
[LIFT 2] 287 287 0 0
[LIFT 1] 83 80 0 15
[LIFT 2] 287 287 0 0
[LIFT 1] 83 80 0 15
[LIFT 2] 287 287 0 0
[LIFT 1] 83 80 0 15
[LIFT 2] 287 287 0 0
[LIFT 1] 83
[LIFT 2] 287 287 0 0
[LIFT 1] 83 80 0 15
[LIFT 2] 287 287 0 0
[LIFT 1] 83 80 0 15
[LIFT 2] 287 287 0 0
[LIFT 1] 83 80 0 15
[LIFT 2] 287 287 0 0
[LIFT 1] 83 80 0 15
[LIFT 2] 287 287 0 0
[LIFT 1] 83
[LIFT 2] 287 287 0 0
[LIFT 1] 83 80 0 15
[LIFT 2] 287 287 0 0
[LIFT 1] 83 80 0 15
[LIFT 2] 287 287 0 0
[LIFT 1] 83 80 0 15
[LIFT 2] 287 287 0 0
[LIFT 1] 83 80 0 15
[LIFT 2] 287 287 0 0
[LIFT 1] 83
[LIFT 2] 287 287 0 0
[LIFT 1] 83 80 0 15
[LIFT 2] 287 287 0 0
[LIFT 1] 83 80 0 15
[LIFT 2] 287 287 0 0
[LIFT 1] 83 80 0 15
[LIFT 2] 287 287 0 0
[LIFT 1] 83 80 0 15
[LIFT 2] 287 287 0 0
[LIFT 1] 83
[LIFT 2] 287 287 0 0
[LIFT 1] 83 80 0 15
[LIFT 2] 287 287 0 0
[LIFT 1] 83 80 0 15
[LIFT 2] 287 287 0 0
[LIFT 1] 83 80 0 15
[LIFT 2] 287 287 0 0
[LIFT 1] 83 80 0 15
[LIFT 2] 287 287 0 0
[LIFT 1] 83
[LIFT 2] 287 287 0 0
[LIFT 1] 83 80 0 15
[LIFT 2] 287 287 0 0
[LIFT 1] 83 80 0 15
[LIFT 2] 287 287 0 0
[LIFT 1] 83 80 0 15
[LIFT 2] 287 287 0 0
[LIFT 1] 83 80 0 15
[LIFT 2] 287 287 0 0
[LIFT 1] 83
[LIFT 2] 287 287 0 0
[LIFT 1] 83 80 0 15
[LIFT 2] 287 287 0 0
[LIFT 1] 83 80 0 15
[LIFT 2] 287 287 0 0
[LIFT 1] 83 80 0 15
[LIFT 2] 287 287 0 0
[LIFT 1] 83 80 0 15
[LIFT 2] 287 287 0 0
[LIFT 1] 83
[LIFT 2] 287 287 0 0
[LIFT 1] 83 80 0 15
[LIFT 2] 287 287 0 0
[LIFT 1] 83 80 0 15
[LIFT 2] 287 287 0 0
[LIFT 1] 83 80 0 15
[LIFT 2] 287 287 0 0
[LIFT 1] 83 80 0 15
[LIFT 2] 287 287 0 0
[LIFT 1] 83
[LIFT 2] 287 287 0 0
[LIFT 1] 83 80 0 15
[LIFT 2] 287 287 0 0
[LIFT 1] 83 80 0 15
[LIFT 2] 287 287 0 0
[LIFT 1] 83 80 0 15
[LIFT 2] 287 287 0 0
[LIFT 1] 83 80 0 15
[LIFT 2] 287 287 0 0
[LIFT 1] 83
[LIFT 2] 287 287 0 0
[LIFT 1] 83 80 0 15
[LIFT 2] 287 287 0 0
[LIFT 1] 83 80 0 15
[LIFT 2] 287 287 0 0
[LIFT 1] 83 80 0 15
[LIFT 2] 287 287 0 0
[LIFT 1] 83 80 0 15
[LIFT 2] 287 287 0 0
[LIFT 1] 83LIFT 1] 83 80 0 15
[LIFT 2] 287 287 0 0
[LIFT 1] 83 80 0 15
[LIFT 2] 287 287 0 0
[LIFT 1] 83 80 0 15
[LIFT 2] 287 287 0 0
[LIFT 1] 83 80 0 15
[LIFT 2] 287 287 0 0
[LIFT 1] 83 80 0 15
[LIFT 2] 287 2FT 2] 287 287 0 0
[LIFT 1] 83 80 0 15
[LIFT 2] 287 287 0 0
[LIFT 1] 83 80 0 15
[LIFT 2] 287 287 0 0
[LIFT 1] 83 80 0 15
[LIFT 2] 287 287 0 0
[LIFT 1] 83 80 0 15
[LIFT 2] 287 287 0 0
[LIFT 1] 83 80 1] 83 80 0 15
[LIFT 2] 287 287 0 0
[LIFT 1] 83 80 0 15
[LIFT 2] 287 287 0 0
[LIFT 1] 83 80 0 15
[LIFT 2] 287 287 0 0
[LIFT 1] 83 80 0 15
[LIFT 2] 287 287 0 0
[LIFT 1] 83 80 0 15
[LIFT 2] 287 287 0 2] 287 287 0 0
[LIFT 1] 83 80 0 15
[LIFT 2] 287 287 0 0
[LIFT 1] 83 80 0 15
[LIFT 2] 287 287 0 0
[LIFT 1] 83 80 0 15
[LIFT 2] 287 287 0 0
[LIFT 1] 83 80 0 15
[LIFT 2] 287 287 0 0
[LIFT 1] 83 80 0 1 0 0
[LIFT 1] 83 80 0 15
[LIFT 2] 287 287 0 0
[LIFT 1] 83 80 0 15
[LIFT 2] 287 287 0 0
[LIFT 1] 83 80 0 15
[LIFT 2] 287 287 0 0
[LIFT 1] 83 80 0 15
[LIFT 2] 287 287 0 0
[LIFT 1] 83 80 0 15
[LIFT 2]IFT 2] 287 287 0 0
[LIFT 1] 83 80 0 15
[LIFT 2] 287 287 0 0
[LIFT 1] 83 80 0 15
[LIFT 2] 287 287 0 0
[LIFT 1] 83 80 0 15
[LIFT 2] 287 287 0 0
[LIFT 1] 83 80 0 15
[LIFT 2] 287 287 0 0
[LIFT 1] 83 80 0
[LIFT 1] 83 80 0 15
[LIFT 2] 287 287 0 0
[LIFT 1] 83 80 0 15
[LIFT 2] 287 287 0 0
[LIFT 1] 83 80 0 15
[LIFT 2] 287 287 0 0
[LIFT 1] 83 80 0 15
[LIFT 2] 287 287 0 0
[LIFT 1] 83 80 0 15
[LIFT 2] 2LIFT 2] 287 287 0 0
[LIFT 1] 83 80 0 15
[LIFT 2] 287 287 0 0
[LIFT 1] 83 80 0 15
[LIFT 2] 287 287 0 0
[LIFT 1] 83 80 0 15
[LIFT 2] 287 287 0 0
[LIFT 1] 83 80 0 15
[LIFT 2] 287 287 0 0
[LIFT 1] 83 80
[LIFT 1] 83 80 0 15
[LIFT 2] 287 287 0 0
[LIFT 1] 83 80 0 15
[LIFT 2] 287 287 0 0
[LIFT 1] 83 80 0 15
[LIFT 2] 287 287 0 0
[LIFT 1] 83 80 0 15
[LIFT 2] 287 287 0 0
[LIFT 1] 83 80 0 15
[LIFT 2] 28T 1] 83 80 0 15
[LIFT 2] 287 287 0 0
[LIFT 1] 83 80 0 15
[LIFT 2] 287 287 0 0
[LIFT 1] 83 80 0 15
[LIFT 2] 287 286 -100 -20
[LIFT 1] 83 80 0 15
[LIFT 2] 287 286 0 -10
[LIFT 1] 83 80 0 15
[LIFT 2] 2] 287 284 -100 -40
[LIFT 1] 83 80 0 15
[LIFT 2] 287 283 -100 -50
[LIFT 1] 83 80 0 15
[LIFT 2] 287 283 0 -40
[LIFT 1] 83 80 0 15
[LIFT 2] 287 283 0 -40
[LIFT 1] 83 80 0 15
[LIFT 2] 287 282 -100 -60
5
[LIFT 2] 287 282 0 -50
[LIFT 1] 83 80 0 15
[LIFT 2] 287 283 100 -30
[LIFT 1] 83 80 0 15
[LIFT 2] 287 283 0 -40
[LIFT 1] 83 80 0 15
[LIFT 2] 287 284 100 -20
[LIFT 1] 83 80 0 15
[LIFT 2] 287 284 0 80 0 15
[LIFT 2] 287 286 100 0
[LIFT 1] 83 80 0 15
[LIFT 2] 287 286 0 -10
[LIFT 1] 83 80 0 15
[LIFT 2] 287 287 100 10
[LIFT 1] 83 80 0 15
[LIFT 2] 287 287 0 0
[LIFT 1] 83 80 0 15
[LIFT 2] 287 288 10 0 15
[LIFT 2] 287 291 100 50
[LIFT 1] 83 80 0 15
[LIFT 2] 287 291 0 40
[LIFT 1] 83 80 0 15
[LIFT 2] 287 291 0 40
[LIFT 1] 83 80 0 15
[LIFT 2] 287 291 0 40
[LIFT 1] 83 80 0 15
[LIFT 2] 287 291 0 480 0 15
[LIFT 2] 287 291 0 40
[LIFT 1] 83 80 0 15
[LIFT 2] 287 290 -100 20
[LIFT 1] 83 80 0 15
[LIFT 2] 287 289 -100 10
[LIFT 1] 83 80 0 15
[LIFT 2] 287 289 0 20
[LIFT 1] 83 80 0 15
[LIFT 2] 287 2820
[LIFT 1] 83 80 0 15
[LIFT 2] 287 285 0 -20
[LIFT 1] 83 80 0 15
[LIFT 2] 287 285 0 -20
[LIFT 1] 83 80 0 15
[LIFT 2] 287 285 0 -20
[LIFT 1] 83 80 0 15
[LIFT 2] 287 285 0 -20
[LIFT 1] 83 80 0 15
[L 100 30
[LIFT 1] 83 80 0 15
[LIFT 2] 287 289 0 20
[LIFT 1] 83 80 0 15
[LIFT 2] 287 290 100 40
[LIFT 1] 83 80 0 15
[LIFT 2] 287 291 100 50
[LIFT 1] 83 80 0 15
[LIFT 2] 287 291 0 40
[LIFT 1] 83 80 0  287 292 0 50
[LIFT 1] 83 80 0 15
[LIFT 2] 287 292 0 50
[LIFT 1] 83 80 0 15
[LIFT 2] 287 291 -100 30
[LIFT 1] 83 80 0 15
[LIFT 2] 287 291 0 40
[LIFT 1] 83 80 0 15
[LIFT 2] 287 291 0 40
[LIFT 1] 83 
[LIFT 2] 287 289 0 20
[LIFT 1] 83 80 0 15
[LIFT 2] 287 288 -100 0
[LIFT 1] 83 80 0 15
[LIFT 2] 287 287 -83 -8
[LIFT 1] 83 80 0 15
[LIFT 2] 287 287 0 0
[LIFT 1] 83 80 0 15
[LIFT 2] 287 287 0 0
[LIFT 2] 287 287 0 0
[LIFT 1] 83 80 0 15
[LIFT 2] 287 287 0 0
[LIFT 1] 83 80 0 15
[LIFT 2] 287 287 0 0
[LIFT 1] 83 80 0 15
[LIFT 2] 287 287 0 0
[LIFT 1] 83 80 0 15
[LIFT 2] 287 287 0 0
[LIFT 1] 83 80 0287 0 0
[LIFT 1] 83 80 0 15
[LIFT 2] 287 287 0 0
[LIFT 1] 83 80 0 15
[LIFT 2] 287 286 -100 -20
[LIFT 1] 83 80 0 15
[LIFT 2] 287 286 0 -10
[LIFT 1] 83 80 0 15
[LIFT 2] 287 286 0 -10
[LIFT 1] 83 80 0 287 285 0 -20
[LIFT 1] 83 80 0 15
[LIFT 2] 287 285 0 -20
[LIFT 1] 83 80 0 15
[LIFT 2] 287 285 0 -20
[LIFT 1] 83 80 0 15
[LIFT 2] 287 285 0 -20
[LIFT 1] 83 80 0 15
[LIFT 2] 287 285 0 -20
[LIFT 1] 80 0 15
[LIFT 2] 287 286 0 -10
[LIFT 1] 83 80 0 15
[LIFT 2] 287 286 0 -10
[LIFT 1] 83 80 0 15
[LIFT 2] 287 286 0 -10
[LIFT 1] 83 80 0 15
[LIFT 2] 287 286 0 -10
[LIFT 1] 83 80 0 15
[LIFT 2] 287 287 1FT 1] 83 80 0 15
[LIFT 2] 287 288 0 10
[LIFT 1] 83 80 0 15
[LIFT 2] 287 289 100 30
[LIFT 1] 83 80 0 15
[LIFT 2] 287 289 0 20
[LIFT 1] 83 80 0 15
[LIFT 2] 287 289 0 20
[LIFT 1] 83 80 0 15
[LIFT 2] 2
[LIFT 1] 83 80 0 15
[LIFT 2] 287 291 0 40
[LIFT 1] 83 80 0 15
[LIFT 2] 287 291 0 40
[LIFT 1] 83 80 0 15
[LIFT 2] 287 291 0 40
[LIFT 1] 83 80 0 15
[LIFT 2] 287 291 0 40
[LIFT 1] 83 80 0 15
[LIFT 2]
[LIFT 1] 83 80 0 15
[LIFT 2] 287 291 0 40
[LIFT 1] 83 80 0 15
[LIFT 2] 287 290 -100 20
[LIFT 1] 83 80 0 15
[LIFT 2] 287 290 0 30
[LIFT 1] 83 80 0 15
[LIFT 2] 287 289 -100 10
[LIFT 1] 83 80 0 15
[L9 0 20
[LIFT 1] 83 80 0 15
[LIFT 2] 287 289 0 20
[LIFT 1] 83 80 0 15
[LIFT 2] 287 289 0 20
[LIFT 1] 83 80 0 15
[LIFT 2] 287 289 0 20
[LIFT 1] 83 80 0 15
[LIFT 2] 287 289 0 20
[LIFT 1] 83 80 0 15
[L9 0 20
[LIFT 1] 83 80 0 15
[LIFT 2] 287 289 0 20
[LIFT 1] 83 80 0 15
[LIFT 2] 287 289 0 20
[LIFT 1] 83 80 0 15
[LIFT 2] 287 289 0 20
[LIFT 1] 83 80 0 15
[LIFT 2] 287 289 0 20
[LIFT 1] 83 80 0 15
[L288 0 10
[LIFT 1] 83 80 0 15
[LIFT 2] 287 288 0 10
[LIFT 1] 83 80 0 15
[LIFT 2] 287 288 0 10
[LIFT 1] 83 80 0 15
[LIFT 2] 287 288 0 10
[LIFT 1] 83 80 0 15
[LIFT 2] 287 288 0 10
[LIFT 1] 83 80 0 15
288 0 10
[LIFT 1] 83 80 0 15
[LIFT 2] 287 287 -100 -10
[LIFT 1] 83 80 0 15
[LIFT 2] 287 287 0 0
[LIFT 1] 83 80 0 15
[LIFT 2] 287 287 0 0
[LIFT 1] 83 80 0 15
[LIFT 2] 287 287 0 0
[LIFT 1] 83 80 0 15-100 -20
[LIFT 1] 83 80 0 15
[LIFT 2] 287 286 0 -10
[LIFT 1] 83 80 0 15
[LIFT 2] 287 286 0 -10
[LIFT 1] 83 80 0 15
[LIFT 2] 287 286 0 -10
[LIFT 1] 83 80 0 15
[LIFT 2] 287 286 0 -10
[LIFT 1] 83 80 02] 287 287 100 10
[LIFT 1] 83 80 0 15
[LIFT 2] 287 287 0 0
[LIFT 1] 83 80 0 15
[LIFT 2] 287 287 0 0
[LIFT 1] 83 80 0 15
[LIFT 2] 287 287 0 0
[LIFT 1] 83 80 0 15
[LIFT 2] 287 287 0 0
[LIFT 1] 83 80 7 287 0 0
[LIFT 1] 83 80 0 15
[LIFT 2] 287 287 0 0
[LIFT 1] 83 80 0 15
[LIFT 2] 287 287 0 0
[LIFT 1] 83 80 0 15
[LIFT 2] 287 287 0 0
[LIFT 1] 83 80 0 15
[LIFT 2] 287 287 0 0
[LIFT 1] 83 80 0 15
[LI10
[LIFT 1] 83 80 0 15
[LIFT 2] 287 288 0 10
[LIFT 1] 83 80 0 15
[LIFT 2] 287 289 100 30
[LIFT 1] 83 80 0 15
[LIFT 2] 287 289 0 20
[LIFT 1] 83 80 0 15
[LIFT 2] 287 289 0 20
[LIFT 1] 83 80 0 15
[LIF0 20
[LIFT 1] 83 80 0 15
[LIFT 2] 287 289 0 20
[LIFT 1] 83 80 0 15
[LIFT 2] 287 289 0 20
[LIFT 1] 83 80 0 15
[LIFT 2] 287 289 0 20
[LIFT 1] 83 80 0 15
[LIFT 2] 287 289 0 20
[LIFT 1] 83 80 0 15
[LIF0 20
[LIFT 1] 83 80 0 15
[LIFT 2] 287 289 0 20
[LIFT 1] 83 80 0 15
[LIFT 2] 287 289 0 20
[LIFT 1] 83 80 0 15
[LIFT 2] 287 289 0 20
[LIFT 1] 83 80 0 15
[LIFT 2] 287 289 0 20
[LIFT 1] 83 80 0 15
[LIF0 20
[LIFT 1] 83 80 0 15
[LIFT 2] 287 289 0 20
[LIFT 1] 83 80 0 15
[LIFT 2] 287 289 0 20
[LIFT 1] 83 80 0 15
[LIFT 2] 287 289 0 20
[LIFT 1] 83 80 0 15
[LIFT 2] 287 289 0 20
[LIFT 1] 83 80 0 15
[LIF20
[LIFT 1] 83 80 0 15
[LIFT 2] 287 289 0 20
[LIFT 1] 83 80 0 15
[LIFT 2] 287 289 0 20
[LIFT 1] 83 80 0 15
[LIFT 2] 287 289 0 20
[LIFT 1] 83 80 0 15
[LIFT 2] 287 288 -100 0
[LIFT 1] 83 80 0 15
[LIF0 10
[LIFT 1] 83 80 0 15
[LIFT 2] 287 288 0 10
[LIFT 1] 83 80 0 15
[LIFT 2] 287 288 0 10
[LIFT 1] 83 80 0 15
[LIFT 2] 287 288 0 10
[LIFT 1] 83 80 0 15
[LIFT 2] 287 288 0 10
[LIFT 1] 83 80 0 15
[LIF10
[LIFT 1] 83 80 0 15
[LIFT 2] 287 288 0 10
[LIFT 1] 83 80 0 15
[LIFT 2] 287 288 0 10
[LIFT 1] 83 80 0 15
[LIFT 2] 287 288 0 10
[LIFT 1] 83 80 0 15
[LIFT 2] 287 288 0 10
[LIFT 1] 83 80 0 15
[LIFT 0 20
[LIFT 1] 83 80 0 15
[LIFT 2] 287 289 0 20
[LIFT 1] 83 80 0 15
[LIFT 2] 287 289 0 20
[LIFT 1] 83 80 0 15
[LIFT 2] 287 289 0 20
[LIFT 1] 83 80 0 15
[LIFT 2] 287 289 0 20
[LIFT 1] 83 80 0 15
[LIF0 20
[LIFT 1] 83 80 0 15
[LIFT 2] 287 289 0 20
[LIFT 1] 83 80 0 15
[LIFT 2] 287 289 0 20
[LIFT 1] 83 80 0 15
[LIFT 2] 287 289 0 20
[LIFT 1] 83 80 0 15
[LIFT 2] 287 289 0 20
[LIFT 1] 83 80 0 15
[LIF0 20
[LIFT 1] 83 80 0 15
[LIFT 2] 287 289 0 20
[LIFT 1] 83 80 0 15
[LIFT 2] 287 289 0 20
[LIFT 1] 83 80 0 15
[LIFT 2] 287 289 0 20
[LIFT 1] 83 80 0 15
[LIFT 2] 287 289 0 20
[LIFT 1] 83 80 0 15
[LIF20
[LIFT 1] 83 80 0 15
[LIFT 2] 287 289 0 20
[LIFT 1] 83 80 0 15
[LIFT 2] 287 289 0 20
[LIFT 1] 83 80 0 15
[LIFT 2] 287 289 0 20
[LIFT 1] 83 80 0 15
[LIFT 2] 287 289 0 20
[LIFT 1] 83 80 0 15
[LIFT 20
[LIFT 1] 83 80 0 15
[LIFT 2] 287 289 0 20
[LIFT 1] 83 80 0 15
[LIFT 2] 287 289 0 20
[LIFT 1] 83 80 0 15
[LIFT 2] 287 289 0 20
[LIFT 1] 83 80 0 15
[LIFT 2] 287 288 -100 0
[LIFT 1] 83 80 0 15
[LIF0 10
[LIFT 1] 83 80 0 15
[LIFT 2] 287 288 0 10
[LIFT 1] 83 80 0 15
[LIFT 2] 287 288 0 10
[LIFT 1] 83 80 0 15
[LIFT 2] 287 288 0 10
[LIFT 1] 83 80 0 15
[LIFT 2] 287 288 0 10
[LIFT 1] 83 80 0 15
[LIF0 10
[LIFT 1] 83 80 0 15
[LIFT 2] 287 288 0 10
[LIFT 1] 83 80 0 15
[LIFT 2] 287 288 0 10
[LIFT 1] 83 80 0 15
[LIFT 2] 287 288 0 10
[LIFT 1] 83 80 0 15
[LIFT 2] 287 288 0 10
[LIFT 1] 83 80 0 15
[LIF10
[LIFT 1] 83 80 0 15
[LIFT 2] 287 288 0 10
[LIFT 1] 83 80 0 15
[LIFT 2] 287 288 0 10
[LIFT 1] 83 80 0 15
[LIFT 2] 287 288 0 10
[LIFT 1] 83 80 0 15
[LIFT 2] 287 288 0 10
[LIFT 1] 83 80 0 15
[LIFT 
[LIFT 1] 83 80 0 15
[LIFT 2] 287 288 0 10
[LIFT 1] 83 80 0 15
[LIFT 2] 287 288 0 10
[LIFT 1] 83 80 0 15
[LIFT 2] 287 288 0 10
[LIFT 1] 83 80 0 15
[LIFT 2] 287 288 0 10
[LIFT 1] 83 80 0 15
[LIFT 2]20
[LIFT 1] 83 80 0 15
[LIFT 2] 287 289 0 20
[LIFT 1] 83 80 0 15
[LIFT 2] 287 289 0 20
[LIFT 1] 83 80 0 15
[LIFT 2] 287 289 0 20
[LIFT 1] 83 80 0 15
[LIFT 2] 287 289 0 20
[LIFT 1] 83 80 0 15
[LIFT 20
[LIFT 1] 83 80 0 15
[LIFT 2] 287 289 0 20
[LIFT 1] 83 80 0 15
[LIFT 2] 287 289 0 20
[LIFT 1] 83 80 0 15
[LIFT 2] 287 289 0 20
[LIFT 1] 83 80 0 15
[LIFT 2] 287 289 0 20
[LIFT 1] 83 80 0 15
[LIFT 20
[LIFT 1] 83 80 0 15
[LIFT 2] 287 289 0 20
[LIFT 1] 83 80 0 15
[LIFT 2] 287 289 0 20
[LIFT 1] 83 80 0 15
[LIFT 2] 287 289 0 20
[LIFT 1] 83 80 0 15
[LIFT 2] 287 289 0 20
[LIFT 1] 83 80 0 15
[LIFT 20
[LIFT 1] 83 80 0 15
[LIFT 2] 287 289 0 20
[LIFT 1] 83 80 0 15
[LIFT 2] 287 289 0 20
[LIFT 1] 83 80 0 15
[LIFT 2] 287 289 0 20
[LIFT 1] 83 80 0 15
[LIFT 2] 287 288 -100 0
[LIFT 1] 83 80 0 15
[LIF0 10
[LIFT 1] 83 80 0 15
[LIFT 2] 287 288 0 10
[LIFT 1] 83 80 0 15
[LIFT 2] 287 288 0 10
[LIFT 1] 83 80 0 15
[LIFT 2] 287 288 0 10
[LIFT 1] 83 80 0 15
[LIFT 2] 287 288 0 10
[LIFT 1] 83 80 0 15
[LIF0 10
[LIFT 1] 83 80 0 15
[LIFT 2] 287 288 0 10
[LIFT 1] 83 80 0 15
[LIFT 2] 287 288 0 10
[LIFT 1] 83 80 0 15
[LIFT 2] 287 288 0 10
[LIFT 1] 83 80 0 15
[LIFT 2] 287 288 0 10
[LIFT 1] 83 80 0 15
[LIF0 10
[LIFT 1] 83 80 0 15
[LIFT 2] 287 288 0 10
[LIFT 1] 83 80 0 15
[LIFT 2] 287 288 0 10
[LIFT 1] 83 80 0 15
[LIFT 2] 287 288 0 10
[LIFT 1] 83 80 0 15
[LIFT 2] 287 288 0 10
[LIFT 1] 83 80 0 15
[LIF0 10
[LIFT 1] 83 80 0 15
[LIFT 2] 287 288 0 10
[LIFT 1] 83 80 0 15
[LIFT 2] 287 288 0 10
[LIFT 1] 83 80 0 15
[LIFT 2] 287 288 0 10
[LIFT 1] 83 80 0 15
[LIFT 2] 287 288 0 10
[LIFT 1] 83 80 0 15
[LIF9 0 20
[LIFT 1] 83 80 0 15
[LIFT 2] 287 289 0 20
[LIFT 1] 83 80 0 15
[LIFT 2] 287 289 0 20
[LIFT 1] 83 80 0 15
[LIFT 2] 287 288 -100 0
[LIFT 1] 83 80 0 15
[LIFT 2] 287 288 0 10
[LIFT 1] 83 80 0 15
288 0 10
[LIFT 1] 83 80 0 15
[LIFT 2] 287 288 0 10
[LIFT 1] 83 80 0 15
[LIFT 2] 287 288 0 10
[LIFT 1] 83 80 0 15
[LIFT 2] 287 288 0 10
[LIFT 1] 83 80 0 15
[LIFT 2] 287 288 0 10
[LIFT 1] 83 80 0 15
288 0 10
[LIFT 1] 83 80 0 15
[LIFT 2] 287 288 0 10
[LIFT 1] 83 80 0 15
[LIFT 2] 287 288 0 10
[LIFT 1] 83 80 0 15
[LIFT 2] 287 288 0 10
[LIFT 1] 83 80 0 15
[LIFT 2] 287 288 0 10
[LIFT 1] 83 80 0 15
288 0 10
[LIFT 1] 83 80 0 15
[LIFT 2] 287 288 0 10
[LIFT 1] 83 80 0 15
[LIFT 2] 287 288 0 10
[LIFT 1] 83 80 0 15
[LIFT 2] 287 288 0 10
[LIFT 1] 83 80 0 15
[LIFT 2] 287 288 0 10
[LIFT 1] 83 80 0 15
288 0 10
[LIFT 1] 83 80 0 15
[LIFT 2] 287 288 0 10
[LIFT 1] 83 80 0 15
[LIFT 2] 287 288 0 10
[LIFT 1] 83 80 0 15
[LIFT 2] 287 288 0 10
[LIFT 1] 83 80 0 15
[LIFT 2] 287 288 0 10
[LIFT 1] 83 80 0 15
288 0 10
[LIFT 1] 83 80 0 15
[LIFT 2] 287 288 0 10
[LIFT 1] 83 80 0 15
[LIFT 2] 287 288 0 10
[LIFT 1] 83 80 0 15
[LIFT 2] 287 288 0 10
[LIFT 1] 83 80 0 15
[LIFT 2] 287 288 0 10
[LIFT 1] 83 80 0 15
288 0 10
[LIFT 1] 83 80 0 15
[LIFT 2] 287 288 0 10
[LIFT 1] 83 80 0 15
[LIFT 2] 287 288 0 10
[LIFT 1] 83 80 0 15
[LIFT 2] 287 288 0 10
[LIFT 1] 83 80 0 15
[LIFT 2] 287 288 0 10
[LIFT 1] 83 80 0 15
288 0 10
[LIFT 1] 83 80 0 15
[LIFT 2] 287 288 0 10
[LIFT 1] 83 80 0 15
[LIFT 2] 287 288 0 10
[LIFT 1] 83 80 0 15
[LIFT 2] 287 288 0 10
[LIFT 1] 83 80 0 15
[LIFT 2] 287 288 0 10
[LIFT 1] 83 80 0 15
288 0 10
[LIFT 1] 83 80 0 15
[LIFT 2] 287 288 0 10
[LIFT 1] 83 80 0 15
[LIFT 2] 287 288 0 10
[LIFT 1] 83 80 0 15
[LIFT 2] 287 288 0 10
[LIFT 1] 83 80 0 15
[LIFT 2] 287 288 0 10
[LIFT 1] 83 80 0 15
288 0 10
[LIFT 1] 83 80 0 15
[LIFT 2] 287 288 0 10
[LIFT 1] 83 80 0 15
[LIFT 2] 287 288 0 10
[LIFT 1] 83 80 0 15
[LIFT 2] 287 288 0 10
[LIFT 1] 83 80 0 15
[LIFT 2] 287 288 0 10
[LIFT 1] 83 80 0 15
288 0 10
[LIFT 1] 83 80 0 15
[LIFT 2] 287 288 0 10
[LIFT 1] 83 80 0 15
[LIFT 2] 287 288 0 10
[LIFT 1] 83 80 0 15
[LIFT 2] 287 288 0 10
[LIFT 1] 83 80 0 15
[LIFT 2] 287 288 0 10
[LIFT 1] 83 80 0 15
288 0 10
[LIFT 1] 83 80 0 15
[LIFT 2] 287 288 0 10
[LIFT 1] 83 80 0 15
[LIFT 2] 287 288 0 10
[LIFT 1] 83 80 0 15
[LIFT 2] 287 288 0 10
[LIFT 1] 83 80 0 15
[LIFT 2] 287 288 0 10
[LIFT 1] 83 80 0 15
288 0 10
[LIFT 1] 83 80 0 15
[LIFT 2] 287 288 0 10
[LIFT 1] 83 80 0 15
[LIFT 2] 287 288 0 10
[LIFT 1] 83 80 0 15
[LIFT 2] 287 288 0 10
[LIFT 1] 83 80 0 15
[LIFT 2] 287 288 0 10
[LIFT 1] 83 80 0 15
288 0 10
[LIFT 1] 83 80 0 15
[LIFT 2] 287 288 0 10
[LIFT 1] 83 80 0 15
[LIFT 2] 287 288 0 10
[LIFT 1] 83 80 0 15
[LIFT 2] 287 288 0 10
[LIFT 1] 83 80 0 15
[LIFT 2] 287 288 0 10
[LIFT 1] 83 80 0 15
288 0 10
[LIFT 1] 83 80 0 15
[LIFT 2] 287 288 0 10
[LIFT 1] 83 80 0 15
[LIFT 2] 287 288 0 10
[LIFT 1] 83 80 0 15
[LIFT 2] 287 288 0 10
[LIFT 1] 83 80 0 15
[LIFT 2] 287 288 0 10
[LIFT 1] 83 80 0 15
288 0 10
[LIFT 1] 83 80 0 15
[LIFT 2] 287 288 0 10
[LIFT 1] 83 80 0 15
[LIFT 2] 287 288 0 10
[LIFT 1] 83 80 0 15
[LIFT 2] 287 288 0 10
[LIFT 1] 83 80 0 15
[LIFT 2] 287 288 0 10
[LIFT 1] 83 80 0 15
288 0 10
[LIFT 1] 83 80 0 15
[LIFT 2] 287 288 0 10
[LIFT 1] 83 80 0 15
[LIFT 2] 287 288 0 10
[LIFT 1] 83 80 0 15
[LIFT 2] 287 288 0 10
[LIFT 1] 83 80 0 15
[LIFT 2] 287 288 0 10
[LIFT 1] 83 80 0 15
288 0 10
[LIFT 1] 83 80 0 15
[LIFT 2] 287 288 0 10
[LIFT 1] 83 80 0 15
[LIFT 2] 287 288 0 10
[LIFT 1] 83 80 0 15
[LIFT 2] 287 288 0 10
[LIFT 1] 83 80 0 15
[LIFT 2] 287 288 0 10
[LIFT 1] 83 80 0 15
288 0 10
[LIFT 1] 83 80 0 15
[LIFT 2] 287 288 0 10
[LIFT 1] 83 80 0 15
[LIFT 2] 287 288 0 10
[LIFT 1] 83 80 0 15
[LIFT 2] 287 288 0 10
[LIFT 1] 83 80 0 15
[LIFT 2] 287 288 0 10
[LIFT 1] 83 80 0 15
288 0 10
[LIFT 1] 83 80 0 15
[LIFT 2] 287 288 0 10
[LIFT 1] 83 80 0 15
[LIFT 2] 287 288 0 10
[LIFT 1] 83 80 0 15
[LIFT 2] 287 288 0 10
[LIFT 1] 83 80 0 15
[LIFT 2] 287 288 0 10
[LIFT 1] 83 80 0 15
288 0 10
[LIFT 1] 83 80 0 15
[LIFT 2] 287 288 0 10
[LIFT 1] 83 80 0 15
[LIFT 2] 287 288 0 10
[LIFT 1] 83 80 0 15
[LIFT 2] 287 288 0 10
[LIFT 1] 83 80 0 15
[LIFT 2] 287 288 0 10
[LIFT 1] 83 80 0 15
288 0 10
[LIFT 1] 83 80 0 15
[LIFT 2] 287 288 0 10
[LIFT 1] 83 80 0 15
[LIFT 2] 287 288 0 10
[LIFT 1] 83 80 0 15
[LIFT 2] 287 288 0 10
[LIFT 1] 83 80 0 15
[LIFT 2] 287 288 0 10
[LIFT 1] 83 80 0 15
288 0 10
[LIFT 1] 83 80 0 15
[LIFT 2] 287 288 0 10
[LIFT 1] 83 80 0 15
[LIFT 2] 287 288 0 10
[LIFT 1] 83 80 0 15
[LIFT 2] 287 288 0 10
[LIFT 1] 83 80 0 15
[LIFT 2] 287 288 0 10
[LIFT 1] 83 80 0 15
[LIFT 2] 287 288 0 10
[LIFT 1] 83 80 0 15
[LIFT 2] 287 288 0 10
[LIFT 1] 83 80 0 15
[LIFT 2] 287 288 0 10
[LIFT 1] 83 80 0 15
[LIFT 2] 287 288 0 10
[LIFT 1] 83 80 0 15
[LIFT 2] 287 288 0 10
[LIFT 1] 83 80 0 15
[LIFT 2] 287 288 0 10
[LIFT 1] 83 80 0 15
[LIFT 2] 287 288 0 10
[LIFT 1] 83 80 0 15
[LIFT 2] 287 288 0 10
[LIFT 1] 83 80 0 15
[LIFT 2] 287 288 0 10
[LIFT 1] 83 80 0 15
[LIFT 2] 287 288 0 10
[LIFT 1] 83 80 0 15
[LIFT 2] 287 288 0 10
[LIFT 1] 83 80 0 15
[LIFT 2] 287 288 0 10
[LIFT 1] 83 80 0 15
[LIFT 2] 287 288 0 10
[LIFT 1] 83 80 0 15
[LIFT 2] 287 288 0 10
[LIFT 1] 83 80 0 15
[LIFT 2] 287 288 0 10
[LIFT 1] 83 80 0 15
[LIFT 2] 287 288 0 10
[LIFT 1] 83 80 0 15
[LIFT 2] 287 288 0 10
[LIFT 1] 83 80 0 15
[LIFT 2] 287 288 0 10
[LIFT 1] 83 80 0 15
[LIFT 2] 287 288 0 10
[LIFT 1] 83 80 0 15
[LIFT 2] 287 288 0 10
[LIFT 1] 83 80 0 15
[LIFT 2] 287 288 0 10
[LIFT 1] 83 80 0 15
[LIFT 2] 287 288 0 10
[LIFT 1] 83 80 0 15
[LIFT 2] 287 288 0 10
[LIFT 1] 83 80 0 15
[LIFT 2] 287 288 0 10
[LIFT 1] 83 80 0 15
[LIFT 2] 287 288 0 10
[LIFT 1] 83 80 0 15
[LIFT 2] 287 288 0 10
[LIFT 1] 83 80 0 15
[LIFT 2] 287 288 0 10
[LIFT 1] 83 80 0 15
[LIFT 2] 287 288 0 10
[LIFT 1] 83 80 0 15
[LIFT 2] 287 288 0 10
[LIFT 1] 83 80 0 15
[LIFT 2] 287 288 0 10
[LIFT 1] 83 80 0 15
[LIFT 2] 287 288 0 10
[LIFT 1] 83 80 0 15
[LIFT 2] 287 288 0 10
[LIFT 1] 83 80 0 15
[LIFT 2] 287 288 0 10
[LIFT 1] 83 80 0 15
[LIFT 2] 287 288 0 10
[LIFT 1] 83 80 0 15
[LIFT 2] 287 288 0 10
[LIFT 1] 83 80 0 15
[LIFT 2] 287 288 0 10
[LIFT 1] 83 80 0 15
[LIFT 2] 287 288 0 10
[LIFT 1] 83 80 0 15
[LIFT 2] 287 288 0 10
[LIFT 1] 83 80 0 15
[LIFT 2] 287 288 0 10
[LIFT 1] 83 80 0 15
[LIFT 2] 287 288 0 10
[LIFT 1] 83 80 0 15
[LIFT 2] 287 288 0 10
[LIFT 1] 83 80 0 15
[LIFT 2] 287 288 0 10
[LIFT 1] 83 80 0 15
[LIFT 2] 287 288 0 10
[LIFT 1] 83 80 0 15
[LIFT 2] 287 288 0 10
[LIFT 1] 83 80 0 15
[LIFT 2] 287 288 0 10
[LIFT 1] 83 80 0 15
[LIFT 2] 287 288 0 10
[LIFT 1] 83 80 0 15
[LIFT 2] 287 288 0 10
[LIFT 1] 83 80 0 15
[LIFT 2] 287 288 0 10
[LIFT 1] 83 80 0 15
[LIFT 2] 287 288 0 10
[LIFT 1] 83 80 0 15
[LIFT 2] 287 288 0 10
[LIFT 1] 83 80 0 15
[LIFT 2] 287 288 0 10
[LIFT 1] 83 80 0 15
[LIFT 2] 287 288 0 10
[LIFT 1] 83 80 0 15
[LIFT 2] 287 288 0 10
[LIFT 1] 83 80 0 15
[LIFT 2] 287 288 0 10
[LIFT 1] 83 80 0 15
[LIFT 2] 287 288 0 10
[LIFT 1] 83 80 0 15
[LIFT 2] 287 288 0 10
[LIFT 1] 83 80 0 15
[LIFT 2] 287 288 0 10
[LIFT 1] 83 80 0 15
[LIFT 2] 287 288 0 10
[LIFT 1] 83 80 0 15
[LIFT 2] 287 288 0 10
[LIFT 1] 83 80 0 15
[LIFT 2] 287 288 0 10
[LIFT 1] 83 80 0 15
[LIFT 2] 287 288 0 10
[LIFT 1] 83 80 0 15
[LIFT 2] 287 288 0 10
[LIFT 1] 83 80 0 15
[LIFT 2] 287 288 0 10
[LIFT 1] 83 80 0 15
[LIFT 2] 287 288 0 10
[LIFT 1] 83 80 0 15
[LIFT 2] 287 288 0 10
[LIFT 1] 83 80 0 15
[LIFT 2] 287 288 0 10
[LIFT 1] 83 80 0 15
[LIFT 2] 287 288 0 10
[LIFT 1] 83 80 0 15
[LIFT 2] 287 288 0 10
[LIFT 1] 83 80 0 15
[LIFT 2] 287 288 0 10
[LIFT 1] 83 80 0 15
[LIFT 2] 287 288 0 10
[LIFT 1] 83 80 0 15
[LIFT 2] 287 288 0 10
[LIFT 1] 83 80 0 15
[LIFT 2] 287 288 0 10
[LIFT 1] 83 80 0 15
[LIFT 2] 287 288 0 10
[LIFT 1] 83 80 0 15
[LIFT 2] 287 288 0 10
[LIFT 1] 83 80 0 15
[LIFT 2] 287 288 0 10
[LIFT 1] 83 80 0 15
[LIFT 2] 287 288 0 10
[LIFT 1] 83 80 0 15
[LIFT 2] 287 288 0 10
[LIFT 1] 83 80 0 15
[LIFT 2] 287 288 0 10
[LIFT 1] 83 80 0 15
[LIFT 2] 287 288 0 10
[LIFT 1] 83 80 0 15
[LIFT 2] 287 288 0 10
[LIFT 1] 83 80 0 15
[LIFT 2] 287 288 0 10
[LIFT 1] 83 80 0 15
[LIFT 2] 287 288 0 10
[LIFT 1] 83 80 0 15
[LIFT 2] 287 288 0 10
[LIFT 1] 83 80 0 15
[LIFT 2] 287 288 0 10
[LIFT 1] 83 80 0 15
[LIFT 2] 287 288 0 10
[LIFT 1] 83 80 0 15
[LIFT 2] 287 288 0 10
[LIFT 1] 83 80 0 15
[LIFT 2] 287 288 0 10
[LIFT 1] 83 80 0 15
[LIFT 2] 287 288 0 10
[LIFT 1] 83 80 0 15
[LIFT 2] 287 288 0 10
[LIFT 1] 83 80 0 15
[LIFT 2] 287 288 0 10
[LIFT 1] 83 80 0 15
[LIFT 2] 287 288 0 10
