NOW MOVING
[LIFT 1] 129 0 0 127
[LIFT 2] 327 0 0 -127
[LIFT 1] 129 0 0 127
[LIFT 2] 327 0 0 -127
[LIFT 1] 129 0 0 127
[LIFT 2] 327 0 0 -127
[LIFT 1] 129 0 0 127
[LIFT 2] 327 0 0 -127
[LIFT 1] 129 1 100 127
[LIFT 2] 327 0 0 -127
[LIFT 1] 129 2 100 127
[LIFT 2] 327 0 0 -127
[LIFT 1] 129 4 200 127
[LIFT 2] 327 0 0 -127
[LIFT 1] 129 6 200 127
[LIFT 2] 327 0 0 -127
[LIFT 1] 129 7 100 127
[LIFT 2] 327 1 100 -127
[LIFT 1] 129 9 200 127
[LIFT 2] 327 1 0 -127
[LIFT 1] 129 11 200 127
[LIFT 2] 327 1 0 -127
[LIFT 1] 129 12 100 127
[LIFT 2] 327 1 0 -127
[LIFT 1] 129 14 200 127
[LIFT 2] 327 1 0 -127
[LIFT 1] 129 15 100 127
[LIFT 2] 327 1 0 -127
[LIFT 1] 129 17 200 127
[LIFT 2] 327 1 0 -127
[LIFT 1] 129 18 100 127
[LIFT 2] 327 1 0 -127
[LIFT 1] 129 20 200 127
[LIFT 2] 327 1 0 -127
[LIFT 1] 129 22 200 127
[LIFT 2] 327 3 200 -127
[LIFT 1] 129 23 100 127
[LIFT 2] 327 3 0 -127
[LIFT 1] 129 25 200 127
[LIFT 2] 327 5 200 -127
[LIFT 1] 129 27 200 127
[LIFT 2] 327 5 0 -127
[LIFT 1] 129 29 200 127
[LIFT 2] 327 7 200 -127
[LIFT 1] 129 31 200 127
[LIFT 2] 327 8 100 -127
[LIFT 1] 129 33 200 127
[LIFT 2] 327 9 100 -127
[LIFT 1] 129 35 200 127
[LIFT 2] 327 11 200 -127
[LIFT 1] 129 37 200 127
[LIFT 2] 327 13 200 -127
[LIFT 1] 129 39 200 127
[LIFT 2] 327 15 200 -127
[LIFT 1] 129 41 200 127
[LIFT 2] 327 17 200 -127
[LIFT 1] 129 44 300 127
[LIFT 2] 327 18 100 -127
[LIFT 1] 129 46 200 127
[LIFT 2] 327 20 200 -127
[LIFT 1] 129 48 200 127
[LIFT 2] 327 21 100 -127
[LIFT 1] 129 50 200 127
[LIFT 2] 327 24 300 -127
[LIFT 1] 129 52 200 127
[LIFT 2] 327 25 100 -127
[LIFT 1] 129 54 200 127
[LIFT 2] 327 27 200 -127
[LIFT 1] 129 56 200 127
[LIFT 2] 327 29 200 -127
[LIFT 1] 129 58 200 127
[LIFT 2] 327 31 200 -127
[LIFT 1] 129 60 200 127
[LIFT 2] 327 33 200 -127
[LIFT 1] 129 62 200 127
[LIFT 2] 327 34 100 -127
[LIFT 1] 129 64 200 127
[LIFT 2] 327 36 200 -127
[LIFT 1] 129 66 200 127
[LIFT 2] 327 37 100 -127
[LIFT 1] 129 68 200 127
[LIFT 2] 327 39 200 -127
[LIFT 1] 129 69 100 127
[LIFT 2] 327 41 200 -127
[LIFT 1] 129 72 300 127
[LIFT 2] 327 43 200 -127
[LIFT 1] 129 74 200 127
[LIFT 2] 327 45 200 -127
[LIFT 1] 129 75 100 11] 129 83 181 127
[LIFT 2] 327 53 181 -127
[LIFT 1] 129 85 200 127
[LIFT 2] 327 54 100 -127
[LIFT 1] 129 87 200 127
[LIFT 2] 327 55 100 -127
[LIFT 1] 129 89 200 127
[LIFT 2] 327 57 200 -127
[LIFT 1127
[LIFT 1] 129 101 200 127
[LIFT 2] 327 68 200 -127
[LIFT 1] 129 103 200 127
[LIFT 2] 327 70 200 -127
[LIFT 1] 129 105 200 120
[LIFT 2] 327 72 200 -127
[LIFT 1] 129 107 200 110
[LIFT 2] 327 74 20 -127
[LIFT 1] 129 117 100 60
[LIFT 2] 327 83 200 -127
[LIFT 1] 129 120 300 45
[LIFT 2] 327 85 200 -127
[LIFT 1] 129 122 200 35
[LIFT 2] 327 88 300 -127
[LIFT 1] 129 124 200 25
[LIFT 2] 327 90 200 [LIFT 2] 98 106 200 100
[LIFT 1] 132 139 0 -35
[LIFT 2] 98 107 100 100
[LIFT 1] 132 140 100 -40
[LIFT 2] 98 109 200 127
[LIFT 1] 132 140 0 -40
[LIFT 2] 98 109 0 110
[LIFT 1] 132 140 0 -40
[LIFT 2] 00 30
[LIFT 1] 132 140 0 -40
[LIFT 2] 98 99 -400 -30
[LIFT 1] 132 140 0 -40
[LIFT 2] 98 95 -400 -70
[LIFT 1] 132 140 0 -40
[LIFT 2] 98 91 -400 -110
[LIFT 1] 132 140 0 -40
[LIFT 2] 98 87 -400 -127
[] 98 82 200 -127
[LIFT 1] 132 139 0 -35
[LIFT 2] 98 86 400 -80
[LIFT 1] 132 139 0 -35
[LIFT 2] 98 89 300 -60
[LIFT 1] 132 138 -100 -30
[LIFT 2] 98 93 400 -10
[LIFT 1] 132 138 0 -30
[LIFT 2] 98 94 1] 98 88 -300 -127
[LIFT 1] 132 139 0 -35
[LIFT 2] 98 85 -300 -127
[LIFT 1] 132 139 0 -35
[LIFT 2] 98 82 -300 -127
[LIFT 1] 132 139 0 -35
[LIFT 2] 98 79 -300 -127
[LIFT 1] 132 139 0 -35
[LIFT 2] 98 T 1] 132 139 0 -35
[LIFT 2] 98 69 0 -127
[LIFT 1] 132 139 0 -35
[LIFT 2] 98 69 0 -127
[LIFT 1] 132 138 -100 -30
[LIFT 2] 98 69 0 -127
[LIFT 1] 132 138 0 -30
[LIFT 2] 98 69 0 -127
[LIFT 1] 132 138 027
[LIFT 1] 132 137 0 -25
[LIFT 2] 98 81 200 -127
[LIFT 1] 132 137 0 -25
[LIFT 2] 98 84 300 -110
[LIFT 1] 132 137 0 -25
[LIFT 2] 98 86 200 -100
[LIFT 1] 132 137 0 -25
[LIFT 2] 98 89 300 -60
[LIFT 198 97 200 10
[LIFT 1] 132 137 0 -25
[LIFT 2] 98 97 0 -10
[LIFT 1] 132 137 0 -25
[LIFT 2] 98 98 100 10
[LIFT 1] 132 137 0 -25
[LIFT 2] 98 98 0 0
[LIFT 1] 132 137 0 -25
[LIFT 2] 98 99 100 20
[LIFT 1]0 10
[LIFT 1] 132 137 0 -25
[LIFT 2] 98 99 0 10
[LIFT 1] 132 137 0 -25
[LIFT 2] 98 99 0 10
[LIFT 1] 132 137 0 -25
[LIFT 2] 98 99 0 10
[LIFT 1] 132 137 0 -25
[LIFT 2] 98 99 0 10
[LIFT 1] 132 137 0 -LIFT 1] 132 137 0 -25
[LIFT 2] 98 97 -100 -20
[LIFT 1] 132 137 0 -25
[LIFT 2] 98 97 0 -10
[LIFT 1] 132 137 0 -25
[LIFT 2] 98 96 -90 -29
[LIFT 1] 132 137 0 -25
[LIFT 2] 98 95 -100 -40
[LIFT 1] 132 1IFT 2] 98 91 0 -70
[LIFT 1] 132 137 0 -25
[LIFT 2] 98 91 0 -70
[LIFT 1] 132 137 0 -25
[LIFT 2] 98 91 0 -70
[LIFT 1] 132 137 0 -25
[LIFT 2] 98 91 0 -70
[LIFT 1] 132 136 -90 -20
[LIFT 2] 98 93 181 -3LIFT 2] 98 100 100 30
[LIFT 1] 132 135 0 -15
[LIFT 2] 98 101 100 40
[LIFT 1] 132 135 0 -15
[LIFT 2] 98 101 0 30
[LIFT 1] 132 135 0 -15
[LIFT 2] 98 101 0 30
[LIFT 1] 132 135 0 -15
[LIFT 2] 98 100 -15
[LIFT 2] 98 93 -100 -60
[LIFT 1] 132 135 0 -15
[LIFT 2] 98 91 -200 -90
[LIFT 1] 132 135 0 -15
[LIFT 2] 98 89 -200 -110
[LIFT 1] 132 135 0 -15
[LIFT 2] 98 87 -200 -127
[LIFT 1] 132 135 0 -15
[LIFTIFT 1] 132 135 0 -15
[LIFT 2] 98 82 0 -127
[LIFT 1] 132 135 0 -15
[LIFT 2] 98 82 0 -127
[LIFT 1] 132 135 0 -15
[LIFT 2] 98 82 0 -127
[LIFT 1] 132 135 0 -15
[LIFT 2] 98 82 0 -127
[LIFT 1] 132 136 10[LIFT 1] 132 136 0 -20
[LIFT 2] 98 83 0 -127
[LIFT 1] 132 136 0 -20
[LIFT 2] 98 83 0 -127
[LIFT 1] 132 136 0 -20
[LIFT 2] 98 83 0 -127
[LIFT 1] 132 136 0 -20
[LIFT 2] 98 84 100 -127
[LIFT 1] 132 13-110
[LIFT 1] 132 136 0 -20
[LIFT 2] 98 87 100 -100
[LIFT 1] 132 136 0 -20
[LIFT 2] 98 87 0 -110
[LIFT 1] 132 136 0 -20
[LIFT 2] 98 89 200 -70
[LIFT 1] 132 136 0 -20
[LIFT 2] 98 89 0 -90
[LIFT 1] 198 95 0 -30
[LIFT 1] 132 136 0 -20
[LIFT 2] 98 96 100 -10
[LIFT 1] 132 136 0 -20
[LIFT 2] 98 97 100 0
[LIFT 1] 132 136 0 -20
[LIFT 2] 98 97 0 -10
[LIFT 1] 132 136 0 -20
[LIFT 2] 98 97 0 -10
[LIFT 1T 1] 132 136 0 -20
[LIFT 2] 98 97 0 -10
[LIFT 1] 132 136 0 -20
[LIFT 2] 98 97 0 -10
[LIFT 1] 132 136 0 -20
[LIFT 2] 98 97 0 -10
[LIFT 1] 132 136 0 -20
[LIFT 2] 98 97 0 -10
[LIFT 1] 132 136 0 -20
[L 136 0 -20
[LIFT 2] 98 97 0 -10
[LIFT 1] 132 136 0 -20
[LIFT 2] 98 97 0 -10
[LIFT 1] 132 136 0 -20
[LIFT 2] 98 97 0 -10
[LIFT 1] 132 136 0 -20
[LIFT 2] 98 97 0 -10
[LIFT 1] 132 136 0 -20
[LIFT 2] 9 2] 98 96 -100 -30
[LIFT 1] 132 136 0 -20
[LIFT 2] 98 95 -100 -40
[LIFT 1] 132 136 0 -20
[LIFT 2] 98 95 0 -30
[LIFT 1] 132 136 0 -20
[LIFT 2] 98 94 -100 -50
[LIFT 1] 132 136 0 -20
[LIFT 2] 98 93 -16 0 -20
[LIFT 2] 98 91 0 -70
[LIFT 1] 132 136 0 -20
[LIFT 2] 98 90 -100 -90
[LIFT 1] 132 136 0 -20
[LIFT 2] 98 89 -100 -100
[LIFT 1] 132 136 0 -20
[LIFT 2] 98 89 0 -90
[LIFT 1] 132 136 0 -20
[LIFT ] 132 136 0 -20
[LIFT 2] 98 87 0 -110
[LIFT 1] 132 136 0 -20
[LIFT 2] 98 87 0 -110
[LIFT 1] 132 136 0 -20
[LIFT 2] 98 87 0 -110
[LIFT 1] 132 136 0 -20
[LIFT 2] 98 87 0 -110
[LIFT 1] 132 136 0 -20
[FT 1] 132 136 0 -20
[LIFT 2] 98 89 0 -90
[LIFT 1] 132 136 0 -20
[LIFT 2] 98 89 0 -90
[LIFT 1] 132 136 0 -20
[LIFT 2] 98 90 100 -70
[LIFT 1] 132 136 0 -20
[LIFT 2] 98 91 100 -60
[LIFT 1] 132 136 0 -1] 132 136 0 -20
[LIFT 2] 98 95 0 -30
[LIFT 1] 132 136 0 -20
[LIFT 2] 98 97 200 10
[LIFT 1] 132 136 0 -20
[LIFT 2] 98 97 0 -10
[LIFT 1] 132 136 0 -20
[LIFT 2] 98 98 100 10
[LIFT 1] 132 136 0 -20
[L] 98 101 0 30
[LIFT 1] 132 136 0 -20
[LIFT 2] 98 101 0 30
[LIFT 1] 132 136 0 -20
[LIFT 2] 98 101 0 30
[LIFT 1] 132 136 0 -20
[LIFT 2] 98 101 0 30
[LIFT 1] 132 136 0 -20
[LIFT 2] 98 101 0 30
[LIFT 17 -100 -20
[LIFT 1] 132 136 0 -20
[LIFT 2] 98 97 0 -10
[LIFT 1] 132 136 0 -20
[LIFT 2] 98 95 -200 -50
[LIFT 1] 132 136 0 -20
[LIFT 2] 98 94 -100 -50
[LIFT 1] 132 136 0 -20
[LIFT 2] 98 93 -100 -60
[20
[LIFT 2] 98 90 0 -80
[LIFT 1] 132 136 0 -20
[LIFT 2] 98 90 0 -80
[LIFT 1] 132 136 0 -20
[LIFT 2] 98 90 0 -80
[LIFT 1] 132 136 0 -20
[LIFT 2] 98 90 0 -80
[LIFT 1] 132 136 0 -20
[LIFT 2] 98 90 0 -20
[LIFT 2] 98 93 0 -50
[LIFT 1] 132 136 0 -20
[LIFT 2] 98 94 100 -30
[LIFT 1] 132 136 0 -20
[LIFT 2] 98 94 0 -40
[LIFT 1] 132 136 0 -20
[LIFT 2] 98 94 0 -40
[LIFT 1] 132 136 0 -20
[LIFT 2] 98 94 00 -20
[LIFT 2] 98 91 0 -70
[LIFT 1] 132 136 0 -20
[LIFT 2] 98 90 -100 -90
[LIFT 1] 132 136 0 -20
[LIFT 2] 98 90 0 -80
[LIFT 1] 132 136 0 -20
[LIFT 2] 98 89 -100 -100
[LIFT 1] 132 136 0 -20
[LIFT 2] 0 -20
[LIFT 2] 98 89 0 -90
[LIFT 1] 132 136 0 -20
[LIFT 2] 98 90 100 -70
[LIFT 1] 132 136 0 -20
[LIFT 2] 98 90 0 -80
[LIFT 1] 132 136 0 -20
[LIFT 2] 98 91 100 -60
[LIFT 1] 132 136 0 -20
[LIFT 2] 9100 -10
[LIFT 1] 132 136 0 -20
[LIFT 2] 98 97 100 0
[LIFT 1] 132 136 0 -20
[LIFT 2] 98 97 0 -10
[LIFT 1] 132 136 0 -20
[LIFT 2] 98 98 100 10
[LIFT 1] 132 136 0 -20
[LIFT 2] 98 99 100 20
[LIFT 1] 132 136 0 -20
[LIFT 2] 98 102 0 40
[LIFT 1] 132 136 0 -20
[LIFT 2] 98 102 0 40
[LIFT 1] 132 136 0 -20
[LIFT 2] 98 102 0 40
[LIFT 1] 132 136 0 -20
[LIFT 2] 98 101 -100 20
[LIFT 1] 132 136 0 -20
[LIFT 6 0 -20
[LIFT 2] 98 94 -200 -60
[LIFT 1] 132 135 -100 -15
[LIFT 2] 98 93 -100 -60
[LIFT 1] 132 135 0 -15
[LIFT 2] 98 91 -200 -90
[LIFT 1] 132 135 0 -15
[LIFT 2] 98 90 -100 -90
[LIFT 1] 132 135 0 -1120
[LIFT 1] 132 135 0 -15
[LIFT 2] 98 86 0 -120
[LIFT 1] 132 135 0 -15
[LIFT 2] 98 86 0 -120
[LIFT 1] 132 135 0 -15
[LIFT 2] 98 87 100 -100
[LIFT 1] 132 135 0 -15
[LIFT 2] 98 87 0 -110
[LIFT 1] 130 -80
[LIFT 1] 132 137 100 -25
[LIFT 2] 98 90 0 -80
[LIFT 1] 132 137 0 -25
[LIFT 2] 98 90 0 -80
[LIFT 1] 132 137 0 -25
[LIFT 2] 98 90 0 -80
[LIFT 1] 132 137 0 -25
[LIFT 2] 98 90 0 -80
[LIFT 1] 132 LIFT 1] 132 137 0 -25
[LIFT 2] 98 90 0 -80
[LIFT 1] 132 137 0 -25
[LIFT 2] 98 90 0 -80
[LIFT 1] 132 137 0 -25
[LIFT 2] 98 90 0 -80
[LIFT 1] 132 137 0 -25
[LIFT 2] 98 91 100 -60
[LIFT 1] 132 137 0 -1] 132 137 0 -25
[LIFT 2] 98 94 100 -30
[LIFT 1] 132 137 0 -25
[LIFT 2] 98 95 100 -20
[LIFT 1] 132 137 0 -25
[LIFT 2] 98 95 0 -30
[LIFT 1] 132 137 0 -25
[LIFT 2] 98 96 100 -10
[LIFT 1] 132 137 0 -25
[LIFT 2] 98 101 200 50
[LIFT 1] 132 137 0 -25
[LIFT 2] 98 101 0 30
[LIFT 1] 132 137 0 -25
[LIFT 2] 98 101 0 30
[LIFT 1] 132 137 0 -25
[LIFT 2] 98 102 100 50
[LIFT 1] 132 136 -100 -20
[LIFT 2] 98  0 -20
[LIFT 2] 98 102 0 40
[LIFT 1] 132 136 0 -20
[LIFT 2] 98 101 -100 20
[LIFT 1] 132 136 0 -20
[LIFT 2] 98 101 0 30
[LIFT 1] 132 136 0 -20
[LIFT 2] 98 99 -200 -10
[LIFT 1] 132 135 -100 -15
[LIFTT 2] 98 87 -200 -127
[LIFT 1] 132 134 0 -10
[LIFT 2] 98 86 -100 -127
[LIFT 1] 132 134 0 -10
[LIFT 2] 98 85 -100 -127
[LIFT 1] 132 134 0 -10
[LIFT 2] 98 85 0 -127
[LIFT 1] 132 134 0 -10
[LIFT 2] 98  134 0 -10
[LIFT 2] 98 85 0 -127
[LIFT 1] 132 135 100 -15
[LIFT 2] 98 85 0 -127
[LIFT 1] 132 135 0 -15
[LIFT 2] 98 86 100 -110
[LIFT 1] 132 135 0 -15
[LIFT 2] 98 86 0 -120
[LIFT 1] 132 135 0 -15
[LLIFT 1] 132 137 0 -25
[LIFT 2] 98 87 0 -110
[LIFT 1] 132 137 0 -25
[LIFT 2] 98 87 0 -110
[LIFT 1] 132 137 0 -25
[LIFT 2] 98 87 0 -110
[LIFT 1] 132 137 0 -25
[LIFT 2] 98 87 0 -110
[LIFT 1] 132 137 0LIFT 1] 132 137 0 -25
[LIFT 2] 98 88 100 -90
[LIFT 1] 132 137 0 -25
[LIFT 2] 98 89 100 -80
[LIFT 1] 132 137 0 -25
[LIFT 2] 98 89 0 -90
[LIFT 1] 132 137 0 -25
[LIFT 2] 98 90 100 -70
[LIFT 1] 132 137FT 2] 98 94 100 -30
[LIFT 1] 132 137 0 -25
[LIFT 2] 98 95 100 -20
[LIFT 1] 132 137 0 -25
[LIFT 2] 98 96 100 -10
[LIFT 1] 132 137 0 -25
[LIFT 2] 98 97 100 0
[LIFT 1] 132 137 0 -25
[LIFT 2] 98 97 0 -100 100 30
[LIFT 1] 132 137 0 -25
[LIFT 2] 98 100 0 20
[LIFT 1] 132 137 0 -25
[LIFT 2] 98 101 100 40
[LIFT 1] 132 137 0 -25
[LIFT 2] 98 101 0 30
[LIFT 1] 132 137 0 -25
[LIFT 2] 98 101 0 30
[LIFT 1]2] 98 97 -100 -20
[LIFT 1] 132 136 0 -20
[LIFT 2] 98 96 -100 -30
[LIFT 1] 132 136 0 -20
[LIFT 2] 98 95 -100 -40
[LIFT 1] 132 136 0 -20
[LIFT 2] 98 93 -200 -70
[LIFT 1] 132 135 -100 -15
[LIFT 2] 98  132 135 0 -15
[LIFT 2] 98 89 0 -90
[LIFT 1] 132 135 0 -15
[LIFT 2] 98 89 0 -90
[LIFT 1] 132 135 0 -15
[LIFT 2] 98 89 0 -90
[LIFT 1] 132 135 0 -15
[LIFT 2] 98 89 0 -90
[LIFT 1] 132 135 0 -15
[LIFT  -20
[LIFT 2] 98 89 0 -90
[LIFT 1] 132 136 0 -20
[LIFT 2] 98 89 0 -90
[LIFT 1] 132 136 0 -20
[LIFT 2] 98 89 0 -90
[LIFT 1] 132 136 0 -20
[LIFT 2] 98 89 0 -90
[LIFT 1] 132 137 100 -25
[LIFT 2] 98 89T 2] 98 89 0 -90
[LIFT 1] 132 137 0 -25
[LIFT 2] 98 89 0 -90
[LIFT 1] 132 137 0 -25
[LIFT 2] 98 89 0 -90
[LIFT 1] 132 137 0 -25
[LIFT 2] 98 89 0 -90
[LIFT 1] 132 137 0 -25
[LIFT 2] 98 89 0 -90
[LIF40
[LIFT 1] 132 137 0 -25
[LIFT 2] 98 93 0 -50
[LIFT 1] 132 137 0 -25
[LIFT 2] 98 94 100 -30
[LIFT 1] 132 137 0 -25
[LIFT 2] 98 95 100 -20
[LIFT 1] 132 137 0 -25
[LIFT 2] 98 96 100 -10
[LIFT 1] 132132 137 0 -25
[LIFT 2] 98 102 100 50
[LIFT 1] 132 136 -100 -20
[LIFT 2] 98 102 0 40
[LIFT 1] 132 136 0 -20
[LIFT 2] 98 102 0 40
[LIFT 1] 132 136 0 -20
[LIFT 2] 98 102 0 40
[LIFT 1] 132 136 0 -20
[LIFT 2] 98 102 0 40
[LIFT 1] 132 136 0 -20
[LIFT 2] 98 102 0 40
[LIFT 1] 132 136 0 -20
[LIFT 2] 98 101 -100 20
[LIFT 1] 132 136 0 -20
[LIFT 2] 98 101 0 30
[LIFT 1] 132 136 0 -20
[LIFT 2] 98 100 -100 10
[LIFT 1] 132 136 0 -20
[LIFT 2] 98 99 -100 0
[LIFT 1] 132 136 0 -20
[LIFT 2] 98 98 -100 -10
[LIFT 1] 132 135 -100 -15
[LIFT 2] 98 97 -100 -20
[LIFT 1] 132 135 0 -15
[LIFT 2] 98 95 -200 -50
[LIFT 1] 132 135 0 -15
[LIFT 2] 98 94 -100 -50
[LIFT 1] 132 135 0 -15
[LIFT 2] 98 93 -100 -60
[LIFT 1] 132 135 0 -15
[LIFT 2] 98 91 -200 -90
[LIFT 1] 132 135 0 -15
[LIFT 2] 98 90 -100 -90
[LIFT 1] 132 134 -100 -10
[LIFT 2] 98 89 -100 -100
[LIFT 1] 132 134 0 -10
[LIFT 2] 98 88 -100 -110
[LIFT 1] 132 134 0 -10
[LIFT 2] 98 87 -100 -120
[LIFT 1] 132 134 0 -10
[LIFT 2] 98 87 0 -110
[LIFT 1] 132 134 0 -10
[LIFT 2] 98 87 0 -110
[LIFT 1] 132 134 0 -10
[LIFT 2] 98 87 0 -110
[LIFT 1] 132 134 0 -10
[LIFT 2] 98 87 0 -110
[LIFT 1] 132 135 100 -15
[LIFT 2] 98 87 0 -110
[LIFT 1] 132 135 0 -15
[LIFT 2] 98 87 0 -110
[LIFT 1] 132 135 0 -15
[LIFT 2] 98 88 100 -90
[LIFT 1] 132 135 0 -15
[LIFT 2] 98 89 100 -80
[LIFT 1] 132 135 0 -15
[LIFT 2] 98 89 0 -90
[LIFT 1] 132 135 0 -15
[LIFT 2] 98 89 0 -90
[LIFT 1] 132 135 0 -15
[LIFT 2] 98 89 0 -90
[LIFT 1] 132 135 0 -15
[LIFT 2] 98 89 0 -90
[LIFT 1] 132 136 100 -20
[LIFT 2] 98 89 0 -90
[LIFT 1] 132 136 0 -20
[LIFT 2] 98 89 0 -90
[LIFT 1] 132 136 0 -20
[LIFT 2] 98 89 0 -90
[LIFT 1] 132 136 0 -20
[LIFT 2] 98 89 0 -90
[LIFT 1] 132 136 0 -20
[LIFT 2] 98 89 0 -90
[LIFT 1] 132 136 0 -20
[LIFT 2] 98 89 0 -90
[LIFT 1] 132 137 100 -25
[LIFT 2] 98 89 0 -90
[LIFT 1] 132 137 0 -25
[LIFT 2] 98 89 0 -90
[LIFT 1] 132 137 0 -25
[LIFT 2] 98 89 0 -90
[LIFT 1] 132 137 0 -25
[LIFT 2] 98 89 0 -90
[LIFT 1] 132 137 0 -25
[LIFT 2] 98 89 0 -90
[LIFT 1] 132 137 0 -25
[LIFT 2] 98 89 0 -90
[LIFT 1] 132 137 0 -25
[LIFT 2] 98 89 0 -90
[LIFT 1] 132 137 0 -25
[LIFT 2] 98 90 100 -70
[LIFT 1] 132 137 0 -25
[LIFT 2] 98 90 0 -80
[LIFT 1] 132 137 0 -25
[LIFT 2] 98 91 100 -60
[LIFT 1] 132 137 0 -25
[LIFT 2] 98 91 0 -70
[LIFT 1] 132 137 0 -25
[LIFT 2] 98 92 100 -50
[LIFT 1] 132 137 0 -25
[LIFT 2] 98 93 100 -40
[LIFT 1] 132 137 0 -25
[LIFT 2] 98 93 0 -50
[LIFT 1] 132 137 0 -25
[LIFT 2] 98 94 100 -30
[LIFT 1] 132 137 0 -25
[LIFT 2] 98 95 100 -20
[LIFT 1] 132 137 0 -25
[LIFT 2] 98 95 0 -30
[LIFT 1] 132 137 0 -25
[LIFT 2] 98 96 100 -10
[LIFT 1] 132 137 0 -25
[LIFT 2] 98 97 100 0
[LIFT 1] 132 137 0 -25
[LIFT 2] 98 97 0 -10
[LIFT 1] 132 136 -100 -20
[LIFT 2] 98 98 100 10
[LIFT 1] 132 136 0 -20
[LIFT 2] 98 99 100 20
[LIFT 1] 132 136 0 -20
[LIFT 2] 98 100 100 30
[LIFT 1] 132 136 0 -20
[LIFT 2] 98 101 100 40
[LIFT 1] 132 136 0 -20
[LIFT 2] 98 101 0 30
[LIFT 1] 132 136 0 -20
[LIFT 2] 98 101 0 30
[LIFT 1] 132 136 0 -20
[LIFT 2] 98 101 0 30
[LIFT 1] 132 136 0 -20
[LIFT 2] 98 102 100 50
[LIFT 1] 132 136 0 -20
[LIFT 2] 98 102 0 40
[LIFT 1] 132 136 0 -20
[LIFT 2] 98 101 -100 20
[LIFT 1] 132 136 0 -20
[LIFT 2] 98 101 0 30
[LIFT 1] 132 136 0 -20
[LIFT 2] 98 101 0 30
[LIFT 1] 132 136 0 -20
[LIFT 2] 98 101 0 30
[LIFT 1] 132 136 0 -20
[LIFT 2] 98 100 -100 10
[LIFT 1] 132 136 0 -20
[LIFT 2] 98 99 -100 0
[LIFT 1] 132 136 0 -20
[LIFT 2] 98 98 -100 -10
[LIFT 1] 132 136 0 -20
[LIFT 2] 98 97 -100 -20
[LIFT 1] 132 135 -100 -15
[LIFT 2] 98 95 -200 -50
[LIFT 1] 132 135 0 -15
[LIFT 2] 98 94 -100 -50
[LIFT 1] 132 135 0 -15
[LIFT 2] 98 93 -100 -60
[LIFT 1] 132 135 0 -15
[LIFT 2] 98 91 -200 -90
[LIFT 1] 132 135 0 -15
[LIFT 2] 98 90 -100 -90
[LIFT 1] 132 135 0 -15
[LIFT 2] 98 89 -100 -100
[LIFT 1] 132 135 0 -15
[LIFT 2] 98 89 0 -90
[LIFT 1] 132 135 0 -15
[LIFT 2] 98 87 -200 -127
[LIFT 1] 132 135 0 -15
[LIFT 2] 98 87 0 -110
[LIFT 1] 132 135 0 -15
[LIFT 2] 98 87 0 -110
[LIFT 1] 132 135 0 -15
[LIFT 2] 98 87 0 -110
[LIFT 1] 132 135 0 -15
[LIFT 2] 98 87 0 -110
[LIFT 1] 132 135 0 -15
[LIFT 2] 98 87 0 -110
