[LIFT 1] 1531 1531 0 0
[LIFT 2] 2450 2450 0 0
[LIFT 1] 1531 1531 0 0
[LIFT 2] 2450 2450 0 0
[LIFT 1] 1531 1531 0 0
[LIFT 2] 2450 2470 0 30
[LIFT 1] 1531 1531 0 0
[LIFT 2] 2450 2470 0 30
[LIFT 1] 1531 1531 0 0
[LIFT 2] 2450 2450 0 0
[LIFT 1] 1531 1531 0 0
[LIFT 2] 2450 2450 0 0
[LIFT 1] 1531 1531 0 0
[LIFT 2] 2450 2490 0 60
[LIFT 1] 1531 1531 0 0
[LIFT 2] 2450 2490 0 60
[LIFT 1] 1531 1531 0 0
[LIFT 2] 2450 2430 0 -30
[LIFT 1] 1531 1531 0 0
[LIFT 2] 2450 2440 1000 5
[LIFT 1] 1531 1531 0 0
[LIFT 2] 2450 2550 0 127
[LIFT 1] 1531 1531 0 0
[LIFT 2] 2450 2560 0 127
[LIFT 1] 1531 1530 -100 1
[LIFT 2] 2450 2430 -1000 -50
[LIFT 1] 1531 1518 0 5
[LIFT 2] 2450 2430 0 -30
[LIFT 1] 1531 1522 200 2
[LIFT 2] 2450 2600 1000 127
[LIFT 1] 1531 1557 -600 -5
[LIFT 2] 2450 2590 0 127
[LIFT 1] 1531 1480 0 22
[LIFT 2] 2450 2590 0 127
[LIFT 1] 1531 1484 0 21
[LIFT 2] 2450 2430 -2000 -70
[LIFT 1] 1531 1495 400 12
[LIFT 2] 2450 2440 1000 5
[LIFT 1] 1531 1524 200 1
[LIFT 2] 2450 2590 0 127
[LIFT 1] 1531 1555 -600 -4
[LIFT 2] 2450 2550 0 127
[LIFT 1] 1531 1500 0 13
[LIFT 2] 2450 2550 0 127
[LIFT 1] 1531 1500 0 13
[LIFT 2] 2450 2400 -1000 -95
[LIFT 1] 1531 1511 200 7
[LIFT 2] 2450 2470 1000 50
[LIFT 1] 1531 1575 900 -28
[LIFT 2] 2450 2570 0 127
[LIFT 1] 1531 1511 -400 13
[LIFT 2] 2450 2570 0 127
[LIFT 1] 1531 1498 -200 16
[LIFT 2] 2450 2490 -2000 20
[LIFT 1] 1531 1500 0 13
[LIFT 2] 2450 2430 0 -30
[LIFT 1] 1531 1515 0 7
[LIFT 2] 2450 2500 1000 95
[LIFT 1] 1531 1517 0 6
[LIFT 2] 2450 2470 -1000 10
[LIFT 1] 1531 1504 0 12
[LIFT 2] 2450 2490 1000 80
[LIFT 1] 1531 1504 0 12
[LIFT 2] 2450 2510 0 90
[LIFT 1] 1531 1507 0 10
[LIFT 2] 2450 2400 -1000 -95
[LIFT 1] 1531 1507 0 10
[LIFT 2] 2450 2440 1000 5
[LIFT 1] 1531 1515 0 7
[LIFT 2] 2450 2610 1000 127
[LIFT 1] 1531 1507 -1100 21
[LIFT 2] 2450 2630 0 127
[LIFT 1] 1531 1478 0 23
[LIFT 2] 2450 2580 -1000 127
[LIFT 1] 1531 1484 200 19
[LIFT 2] 2450 2520 0 105
[LIFT 1] 1531 1493 0 17
[LIFT 2] 2450 2380 -1000 -125
[LIFT 1] 1531 1496 100 14
[LIFT 2] 2450 2490 2000 100
[LIFT 1] 1531 1537 600 -8
[LIFT 2] 2450 2630 0 127
[LIFT 1] 1531 1517 -1400 20
[LIFT 2] 2450 2630 1000 127
[LIFT 1] 1531 1487 300 16
[LIFT 2] 2450 2570 -1000 127
[LIFT 1] 1531 1500 0 13
[LIFT 2] 2450 2490 -2000 20
[LIFT 1] 1531 1500 0 13
[LIFT 2] 2450 2410 1000 -40
[LIFT 1] 1531 1504 200 10
[LIFT 2] 2450 2570 2000 127
[LIFT 1] 1531 1520 0 4
[LIFT 2] 2450 2580 -1000 127
[LIFT 1] 1531 1502 0 13
[LIFT 2] 2450 2590 0 127
[LIFT 1] 1531 1506 0 11
[LIFT 2] 2450 2510 -1000 70
[LIFT 1] 1531 1504 0 12
[LIFT 2] 2450 2350 -1000 -127
[LIFT 1] 1531 1507 100 9
[LIFT 2] 2450 2540 3000 127
[LIFT 1] 1531 1522 200 2
[LIFT 2] 2450 2610 -1000 127
[LIFT 1] 1531 1524 -700 10
[LIFT 2] 2450 2590 2000 127
