Default: 0 Min: -127 Max: 127 KP : -1.50 KD: 0.02
[LIFT 1] 1594 1594 0 0
[LIFT 2] 2530 2550 1000 10
[LIFT 1] 1594 1594 0 0
[LIFT 2] 2530 2550 0 30
[LIFT 1] 1594 1594 0 0
[LIFT 2] 2530 2550 0 30
[LIFT 1] 1594 1594 0 0
[LIFT 2] 2530 2560 0 45
[LIFT 1] 1594 1594 0 0
[LIFT 2] 2530 2560 0 45
[LIFT 1] 1594 1594 0 0
[LIFT 2] 2530 2560 0 45
[LIFT 1] 1594 1594 0 0
[LIFT 2] 2530 2560 0 45
[LIFT 1] 1594 1594 0 0
[LIFT 2] 2530 2560 0 45
[LIFT 1] 1594 1594 0 0
[LIFT 2] 2530 2560 0 45
[LIFT 1] 1594 1594 0 0
[LIFT 2] 2530 2560 0 45
[LIFT 1] 1594 1594 0 0
[LIFT 2] 2530 2560 0 45
[LIFT 1] 1594 1594 0 0
[LIFT 2] 2530 2560 0 45
[LIFT 1] 1594 1594 0 0
[LIFT 2] 2530 2560 0 45
[LIFT 1] 1594 1594 0 0
[LIFT 2] 2530 2560 0 45
[LIFT 1] 1594 1594 0 0
[LIFT 2] 2530 2560 0 45
[LIFT 1] 1594 1594 0 0
[LIFT 2] 2530 2560 0 45
[LIFT 1] 1594 1594 0 0
[LIFT 2] 2530 2560 0 45
[LIFT 1] 1594 1594 0 0
[LIFT 2] 2530 2560 0 45
[LIFT 1] 1594 1594 0 0
[LIFT 2] 2530 2560 0 45
[LIFT 1] 1594 1594 0 0
[LIFT 2] 2530 2560 0 45
[LIFT 1] 1594 1594 0 0
[LIFT 2] 2530 2560 0 45
[LIFT 1] 1594 1594 0 0
[LIFT 2] 2530 2560 0 45
[LIFT 1] 1594 1594 0 0
[LIFT 2] 2530 2560 0 45
[LIFT 1] 1594 1594 0 0
[LIFT 2] 2530 2560 0 45
[LIFT 1] 1594 1594 0 0
[LIFT 2] 2530 2560 0 45
[LIFT 1] 1594 1594 0 0
[LIFT 2] 2530 2560 0 45
[LIFT 1] 1594 1594 0 0
[LIFT 2] 2530 2560 0 45
[LIFT 1] 1594 1594 0 0
[LIFT 2] 2530 2560 0 45
[LIFT 1] 1594 1594 0 0
[LIFT 2] 2530 2560 0 45
[LIFT 1] 1594 1594 0 0
[LIFT 2] 2530 2560 0 45
[LIFT 1] 1594 1594 0 0
[LIFT 2] 2530 2560 0 45
[LIFT 1] 1594 1594 0 0
[LIFT 2] 2530 2560 0 45
[LIFT 1] 1594 1594 0 0
[LIFT 2] 2530 2560 0 45
[LIFT 1] 1594 1594 0 0
[LIFT 2] 2530 2560 0 45
[LIFT 1] 1594 1594 0 0
[LIFT 2] 2530 2560 0 45
[LIFT 1] 1594 1594 0 0
[LIFT 2] 2530 2560 0 45
[LIFT 1] 1594 1594 0 0
[LIFT 2] 2530 2560 0 45
[LIFT 1] 1594 1594 0 0
[LIFT 2] 2530 2560 0 45
[LIFT 1] 1594 1594 0 0
[LIFT 2] 2530 2560 0 45
[LIFT 1] 1594 1594 0 0
[LIFT 2] 2530 2560 0 45
[LIFT 1] 1594 1594 0 0
[LIFT 2] 2530 2560 0 45
[LIFT 1] 1594 1594 0 0
[LIFT 2] 2530 2560 0 45
[LIFT 1] 1594 1594 0 0
[LIFT 2] 2530 2560 0 45
[LIFT 1] 1594 1594 0 0
[LIFT 2] 2530 2560 0 45
[LIFT 1] 1594 1594 0 0
[LIFT 2] 2530 2560 0 45
[LIFT 1] 1594 1594 0 0
[LIFT 2] 2530 2560 0 45
[LIFT 1] 1594 1594 0 0
[LIFT 2] 2530 2560 0 45
[LIFT 1] 1594 1594 0 0
[LIFT 2] 2530 2560 0 45
[LIFT 1] 1594 1594 0 0
[LIFT 2] 2530 2560 0 45
[LIFT 1] 1594 1594 0 0
[LIFT 2] 2530 2560 0 45
[LIFT 1] 1594 1594 0 0
[LIFT 2] 2530 2560 0 45
[LIFT 1] 1594 1594 0 0
[LIFT 2] 2530 2560 0 45
[LIFT 1] 1594 1594 0 0
[LIFT 2] 2530 2560 0 45
[LIFT 1] 1594 1594 0 0
[LIFT 2] 2530 2560 0 45
[LIFT 1] 1594 1594 0 0
[LIFT 2] 2530 2560 -1000 65
[LIFT 1] 1594 1594 0 0
[LIFT 2] 2530 2560 0 45
[LIFT 1] 1594 1594 0 0
[LIFT 2] 2530 2550 0 30
[LIFT 1] 1594 1594 0 0
[LIFT 2] 2530 2550 0 30
[LIFT 1] 1594 1594 0 0
[LIFT 2] 2530 2550 0 30
[LIFT 1] 1594 1594 0 0
[LIFT 2] 2530 2550 0 30
[LIFT 1] 1594 1594 0 0
[LIFT 2] 2530 2550 0 30
[LIFT 1] 1594 1594 0 0
[LIFT 2] 2530 2550 0 30
[LIFT 1] 1594 1594 0 0
[LIFT 2] 2530 2550 0 30
[LIFT 1] 1594 1594 0 0
[LIFT 2] 2530 2550 0 30
[LIFT 1] 1594 1594 0 0
[LIFT 2] 2530 2550 0 30
[LIFT 1] 1594 1594 0 0
[LIFT 2] 2530 2550 0 30
[LIFT 1] 1594 1594 0 0
[LIFT 2] 2530 2550 0 30
[LIFT 1] 1594 1594 0 0
[LIFT 2] 2530 2550 0 30
[LIFT 1] 1594 1594 0 0
[LIFT 2] 2530 2550 0 30
[LIFT 1] 1594 1594 0 0
[LIFT 2] 2530 2550 0 30
[LIFT 1] 1594 1594 0 0
[LIFT 2] 2530 2550 0 30
[LIFT 1] 1594 1594 0 0
[LIFT 2] 2530 2550 0 30
[LIFT 1] 1594 1594 0 0
[LIFT 2] 2530 2550 0 30
[LIFT 1] 1594 1594 0 0
[LIFT 2] 2530 2550 0 30
[LIFT 1] 1594 1594 0 0
[LIFT 2] 2530 2550 0 30
[LIFT 1] 1594 1594 0 0
[LIFT 2] 2530 2550 0 30
[LIFT 1] 1594 1594 0 0
[LIFT 2] 2530 2550 0 30
[LIFT 1] 1594 1594 0 0
[LIFT 2] 2530 2550 0 30
[LIFT 1] 1594 1594 0 0
[LIFT 2] 2530 2550 0 30
[LIFT 1] 1594 1594 0 0
[LIFT 2] 2530 2550 0 30
[LIFT 1] 1594 1594 0 0
[LIFT 2] 2530 2550 0 30
[LIFT 1] 1594 1594 0 0
[LIFT 2] 2530 2550 0 30
[LIFT 1] 1594 1594 0 0
[LIFT 2] 2530 2550 0 30
[LIFT 1] 1594 1594 0 0
[LIFT 2] 2530 2550 0 30
[LIFT 1] 1594 1594 0 0
[LIFT 2] 2530 2550 0 30
[LIFT 1] 1594 1594 0 0
[LIFT 2] 2530 2550 0 30
[LIFT 1] 1594 1594 0 0
[LIFT 2] 2530 2550 0 30
[LIFT 1] 1594 1594 0 0
[LIFT 2] 2530 2550 0 30
[LIFT 1] 1594 1594 0 0
[LIFT 2] 2530 2550 0 30
[LIFT 1] 1594 1594 0 0
[LIFT 2] 2530 2550 0 30
[LIFT 1] 1594 1594 0 0
[LIFT 2] 2530 2550 0 30
[LIFT 1] 1594 1594 0 0
[LIFT 2] 2530 2550 0 30
[LIFT 1] 1594 1594 0 0
[LIFT 2] 2530 2550 0 30
[LIFT 1] 1594 1594 0 0
[LIFT 2] 2530 2550 0 30
[LIFT 1] 1594 1594 0 0
[LIFT 2] 2530 2550 0 30
[LIFT 1] 1594 1594 0 0
[LIFT 2] 2530 2550 0 30
[LIFT 1] 1594 1594 0 0
[LIFT 2] 2530 2550 0 30
[LIFT 1] 1594 1594 0 0
[LIFT 2] 2530 2550 0 30
[LIFT 1] 1594 1594 0 0
[LIFT 2] 2530 2550 0 30
[LIFT 1] 1594 1594 0 0
[LIFT 2] 2530 2550 0 30
[LIFT 1] 1594 1594 0 0
[LIFT 2] 2530 2550 0 30
[LIFT 1] 1594 1594 0 0
[LIFT 2] 2530 2550 0 30
[LIFT 1] 1594 1594 0 0
[LIFT 2] 2530 2550 0 30
[LIFT 1] 1594 1594 0 0
[LIFT 2] 2530 2550 0 30
[LIFT 1] 1594 1594 0 0
[LIFT 2] 2530 2550 0 30
[LIFT 1] 1594 1594 0 0
[LIFT 2] 2530 2550 0 30
[LIFT 1] 1594 1594 0 0
[LIFT 2] 2530 2550 0 30
[LIFT 1] 1594 1594 0 0
[LIFT 2] 2530 2550 0 30
[LIFT 1] 1594 1594 0 0
[LIFT 2] 2530 2550 0 30
[LIFT 1] 1594 1594 0 0
[LIFT 2] 2530 2550 0 30
[LIFT 1] 1594 1594 0 0
[LIFT 2] 2530 2550 0 30
[LIFT 1] 1594 1594 0 0
[LIFT 2] 2530 2550 0 30
[LIFT 1] 1594 1594 0 0
[LIFT 2] 2530 2550 0 30
[LIFT 1] 1594 1594 0 0
[LIFT 2] 2530 2550 0 30
[LIFT 1] 1594 1594 0 0
[LIFT 2] 2530 2550 0 30
[LIFT 1] 1594 1594 0 0
[LIFT 2] 2530 2550 0 30
[LIFT 1] 1594 1594 0 0
[LIFT 2] 2530 2550 0 30
[LIFT 1] 1594 1594 0 0
[LIFT 2] 2530 2550 0 30
[LIFT 1] 1594 1594 0 0
[LIFT 2] 2530 2550 0 30
[LIFT 1] 1594 1594 0 0
[LIFT 2] 2530 2550 0 30
[LIFT 1] 1594 1594 0 0
[LIFT 2] 2530 2550 0 30
[LIFT 1] 1594 1594 0 0
[LIFT 2] 2530 2550 0 30
[LIFT 1] 1594 1594 0 0
[LIFT 2] 2530 2550 0 30
[LIFT 1] 1594 1594 0 0
[LIFT 2] 2530 2550 0 30
