Default: 0 Min: -127 Max: 127 KP : -2.00 KD: 0.02
[LIFT 1] 1607 1607 0 0
[LIFT 2] 2470 2470 0 0
[LIFT 1] 1607 1607 0 0
[LIFT 2] 2470 2470 0 0
[LIFT 1] 1607 1607 0 0
[LIFT 2] 2470 2470 0 0
[LIFT 1] 1607 1607 0 0
[LIFT 2] 2470 2500 0 60
[LIFT 1] 1607 1607 0 0
[LIFT 2] 2470 2490 0 40
[LIFT 1] 1607 1607 0 0
[LIFT 2] 2470 2440 -1000 -40
[LIFT 1] 1607 1607 0 0
[LIFT 2] 2470 2470 1000 -20
[LIFT 1] 1607 1607 0 0
[LIFT 2] 2470 2600 1000 127
[LIFT 1] 1607 1607 0 0
[LIFT 2] 2470 2610 0 127
[LIFT 1] 1607 1603 -200 3
[LIFT 2] 2470 2480 -1000 40
[LIFT 1] 1607 1577 -200 15
[LIFT 2] 2470 2400 0 -127
[LIFT 1] 1607 1581 200 9
[LIFT 2] 2470 2540 2000 100
[LIFT 1] 1607 1605 -300 3
[LIFT 2] 2470 2670 0 127
[LIFT 1] 1607 1546 0 27
[LIFT 2] 2470 2690 2000 127
[LIFT 1] 1607 1546 0 27
[LIFT 2] 2470 2670 0 127
[LIFT 1] 1607 1564 0 19
[LIFT 2] 2470 2630 -2000 127
[LIFT 1] 1607 1564 0 19
[LIFT 2] 2470 2490 0 40
[LIFT 1] 1607 1564 0 19
[LIFT 2] 2470 2430 0 -80
[LIFT 1] 1607 1581 200 9
[LIFT 2] 2470 2510 2000 40
[LIFT 1] 1607 1623 700 -14
[LIFT 2] 2470 2730 2000 127
[LIFT 1] 1607 1645 -200 -15
[LIFT 2] 2470 2740 -1000 127
[LIFT 1] 1607 1620 -300 -2
[LIFT 2] 2470 2580 -1000 127
[LIFT 1] 1607 1559 200 19
[LIFT 2] 2470 2430 -1000 -60
[LIFT 1] 1607 1559 0 21
[LIFT 2] 2470 2440 1000 -80
[LIFT 1] 1607 1586 300 6
[LIFT 2] 2470 2660 2000 127
