we're here
4
68 68 0 40
68 69 20 38
68 68 -20 40
68 68 0 40
68 68 0 40
68 67 -20 42
68 67 0 42
68 66 -20 44
68 65 -20 46
68 63 -40 50
68 63 0 50
68 63 0 50
68 63 0 50
68 63 0 50
68 61 -40 54
68 61 0 54
68 60 -20 56
68 58 -40 60
68 55 -60 66
68 55 0 66
68 54 -20 68
68 54 0 68
68 54 0 68
68 51 -60 74
68 49 -40 78
68 49 0 78
68 47 -40 82
68 44 -60 88
68 44 0 88
68 43 -20 90
68 44 20 88
68 44 0 88
68 42 -40 92
68 40 -40 96
68 40 0 96
68 38 -40 100
68 37 -20 102
68 38 20 100
68 38 0 100
68 39 20 98
68 39 0 98
68 37 -40 102
68 36 -20 104
68 36 0 104
68 35 -20 106
68 35 0 106
68 36 20 104
68 36 0 104
68 36 0 104
68 36 0 104
68 35 -20 106
68 34 -20 108
68 34 0 108
68 33 -20 110
68 31 -40 114
68 33 40 110
68 33 0 110
68 33 0 110
68 33 0 110
68 32 -20 112
68 31 -20 114
68 31 0 114
68 30 -20 116
68 29 -20 118
68 31 40 114
68 31 0 114
68 31 0 114
68 32 20 112
68 30 -40 116
68 30 0 116
68 30 0 116
68 29 -20 118
68 29 0 118
68 31 40 114
68 30 -20 116
68 30 0 116
68 32 40 112
68 30 -40 116
68 31 20 114
68 30 -20 116
68 29 -20 118
68 29 0 118
68 28 -20 120
68 28 0 120
68 27 -20 122
68 26 -20 124
68 24 -39 127
68 22 -40 127
68 20 -40 127
68 18 -40 127
68 17 -20 127
68 17 0 127
68 17 0 127
68 14 -60 127
68 15 20 127
68 15 0 127
68 15 0 127
68 15 0 127
68 15 0 127
68 15 0 127
68 17 40 127
68 18 20 127
68 17 -20 127
68 20 60 127
68 19 -20 127
68 18 -20 127
68 17 -20 127
68 17 0 127
68 17 0 127
68 19 40 127
68 19 0 127
68 18 -20 127
68 19 20 127
68 18 -20 127
68 17 -20 127
68 17 0 127
68 16 -20 127
68 16 0 127
68 18 40 127
68 18 0 127
68 17 -20 127
68 18 20 127
68 18 0 127
68 17 -20 127
68 17 0 127
68 17 0 127
68 17 0 127
68 19 40 127
68 19 0 127
68 17 -40 127
68 19 40 127
68 18 -20 127
68 18 0 127
68 17 -20 127
68 17 0 127
68 17 0 127
68 19 40 127
68 18 -20 127
68 17 -20 127
68 18 20 127
68 18 0 127
68 17 -20 127
68 17 0 127
68 17 0 127
68 17 0 127
68 19 40 127
68 19 0 127
68 17 -40 127
68 18 20 127
68 18 0 127
68 17 -20 127
68 17 0 127
68 17 0 127
68 17 0 127
68 19 40 127
68 19 0 127
68 17 -40 127
68 19 40 127
68 18 -20 127
68 18 0 127
68 17 -20 127
68 17 0 127
68 17 0 127
68 19 40 127
68 19 0 127
68 17 -40 127
68 18 20 127
68 18 0 127
68 18 0 127
