58 58 0 0
58 58 0 0
58 58 0 0
58 58 0 0
58 58 0 0
58 58 0 0
58 58 0 0
58 58 0 0
58 58 0 0
58 58 0 0
58 58 0 0
58 58 0 0
58 58 0 0
58 58 0 0
58 58 0 0
58 58 0 0
58 58 0 0
58 58 0 0
58 58 0 0
58 58 0 0
58 58 0 0
58 58 0 0
58 58 0 0
58 58 0 0
58 58 0 0
58 58 0 0
58 58 0 0
58 58 0 0
58 58 0 0
58 58 0 0
58 58 0 0
58 58 0 0
58 58 0 0
58 58 0 0
58 58 0 0
58 58 0 0
58 58 0 0
58 58 0 0
58 58 0 0
58 58 0 0
58 58 0 0
58 58 0 0
58 58 0 0
58 58 0 0
58 58 0 0
58 58 0 0
58 58 0 0
58 58 0 0
58 58 0 0
58 58 0 0
58 58 0 0
58 58 0 0
58 58 0 0
58 58 0 0
58 58 0 0
58 58 0 0
58 58 0 0
58 58 0 0
58 58 0 0
58 58 0 0
58 58 0 0
58 58 0 0
58 58 0 0
58 58 0 0
58 58 0 0
58 58 0 0
58 58 0 0
58 58 0 0
58 58 0 0
58 58 0 0
58 58 0 0
58 58 0 0
58 58 0 0
58 58 0 0
58 58 0 0
58 58 0 0
58 58 0 0
58 58 0 0
58 58 0 0
58 58 0 0
58 58 0 0
58 58 0 0
58 58 0 0
58 58 0 0
58 58 0 0
58 58 0 0
58 58 0 0
58 58 0 0
58 58 0 0
58 58 0 0
58 58 0 0
58 58 0 0
58 58 0 0
58 58 0 0
58 58 0 0
58 58 0 0
58 58 0 0
58 58 0 0
58 58 0 0
58 58 0 0
58 58 0 0
58 58 0 0
58 58 0 0
58 58 0 0
58 58 0 0
58 58 0 0
58 58 0 0
58 58 0 0
58 58 0 0
58 58 0 0
58 58 0 0
58 58 0 0
58 58 0 0
58 58 0 0
58 58 0 0
58 58 0 0
58 58 0 0
58 58 0 0
58 58 0 0
58 58 0 0
58 58 0 0
58 58 0 0
58 58 0 0
58 58 0 0
58 58 0 0
58 58 0 0
58 58 0 0
58 58 0 0
58 58 0 0
58 58 0 0
58 58 0 0
58 58 0 0
58 58 0 0
58 58 0 0
58 58 0 0
58 58 0 0
58 58 0 0
58 58 0 0
58 58 0 0
58 58 0 0
58 58 0 0
58 58 0 0
58 58 0 0
58 58 0 0
58 58 0 0
58 57 -100 2
58 57 0 2
58 57 0 2
58 57 0 2
58 57 0 2
58 57 0 2
58 57 0 2
58 57 0 2
58 57 0 2
58 57 0 2
58 57 0 2
58 57 0 2
58 57 0 2
58 57 0 2
58 57 0 2
58 57 0 2
58 57 0 2
58 57 0 2
58 57 0 2
58 57 0 2
58 57 0 2
58 57 0 2
58 57 0 2
58 57 0 2
58 57 0 2
58 57 0 2
58 57 0 2
58 57 0 2
58 57 0 2
58 57 0 2
58 57 0 2
58 57 0 2
58 57 0 2
58 57 0 2
58 57 0 2
58 57 0 2
58 57 0 2
58 57 0 2
58 57 0 2
58 57 0 2
58 57 0 2
58 57 0 2
58 57 0 2
58 57 0 2
58 57 0 2
58 57 0 2
58 57 0 2
58 57 0 2
58 57 0 2
58 57 0 2
58 57 0 2
58 57 0 2
58 57 0 2
58 57 0 2
58 57 0 2
58 57 0 2
58 57 0 2
58 57 0 2
58 57 0 2
58 57 0 2
58 57 0 2
58 57 0 2
58 57 0 2
58 57 0 2
58 57 0 2
58 57 0 2
58 57 0 2
58 57 0 2
58 56 -100 4
58 56 0 4
58 55 -100 6
58 54 -100 8
58 52 -200 12
58 51 -100 14
58 50 -100 16
58 49 -100 18
58 48 -100 20
58 48 0 20
58 47 -100 22
58 47 0 22
58 47 0 22
58 47 0 22
58 46 -100 24
58 46 0 24
58 46 0 24
58 45 -100 26
58 45 0 26
58 45 0 26
58 45 0 26
58 45 0 26
58 45 0 26
58 45 0 26
58 45 0 26
58 44 -100 28
58 44 0 28
58 43 -100 30
58 43 0 30
58 42 -100 32
58 41 -100 34
58 40 -100 36
58 39 -100 38
58 38 -100 40
58 37 -100 42
58 36 -100 44
58 35 -100 46
58 34 -100 48
58 33 -100 50
58 32 -100 52
58 31 -100 54
58 31 0 54
58 30 -100 56
58 30 0 56
58 30 0 56
58 29 -100 58
58 29 0 58
58 29 0 58
58 29 0 58
58 29 0 58
58 29 0 58
58 29 0 58
58 29 0 58
58 29 0 58
58 29 0 58
58 29 0 58
58 29 0 58
58 29 0 58
58 29 0 58
58 29 0 58
58 29 0 58
58 29 0 58
58 28 -100 60
58 28 0 60
58 28 0 60
58 28 0 60
58 27 -100 62
58 27 0 62
58 26 -100 64
58 25 -100 66
58 24 -100 68
58 23 -100 70
58 22 -100 72
58 22 0 72
58 20 -200 76
58 20 0 76
58 19 -100 78
58 18 -100 80
58 17 -100 82
58 16 -100 84
58 15 -100 86
58 14 -100 88
58 13 -100 90
58 12 -100 92
58 12 0 92
58 11 -100 94
58 10 -100 96
58 10 0 96
58 9 -100 98
58 9 0 98
58 9 0 98
58 8 -100 100
58 8 0 100
58 8 0 100
58 8 0 100
58 8 0 100
58 7 -100 102
58 7 0 102
58 7 0 102
58 7 0 102
58 7 0 102
58 7 0 102
58 6 -100 104
58 6 0 104
58 6 0 104
58 6 0 104
58 6 0 104
58 5 -100 106
58 5 0 106
58 5 0 106
58 4 -100 108
58 4 0 108
58 4 0 108
58 3 -100 110
58 3 0 110
58 2 -100 112
58 2 0 112
58 2 0 112
58 1 -100 114
58 1 0 114
58 1 0 114
58 1 0 114
58 1 0 114
58 1 0 114
58 12038 1203700 -40
58 2 -1203600 112
58 2 0 112
58 3 100 110
58 3 0 110
58 3 0 110
58 3 0 110
58 4 100 108
58 5 100 106
58 6 100 104
58 7 100 102
58 9 200 98
58 10 100 96
58 11 100 94
58 12 100 92
58 13 100 90
58 14 100 88
58 14 0 88
58 14 0 88
58 15 100 86
58 16 100 84
58 17 100 82
58 18 100 80
58 18 0 80
58 18 0 80
58 19 100 78
58 20 100 76
58 20 0 76
58 20 0 76
58 21 100 74
58 22 100 72
58 23 100 70
58 24 100 68
58 25 100 66
58 26 100 64
58 26 0 64
58 27 100 62
58 28 100 60
58 29 100 58
58 30 100 56
58 31 100 54
58 31 0 54
58 32 100 52
58 33 100 50
58 33 0 50
58 34 100 48
58 34 0 48
58 35 100 46
58 36 100 44
58 37 100 42
58 37 0 42
58 38 100 40
58 38 0 40
58 38 0 40
58 39 100 38
58 39 0 38
58 40 100 36
58 40 0 36
58 41 100 34
58 41 0 34
58 41 0 34
58 42 100 32
58 42 0 32
58 42 0 32
58 42 0 32
58 42 0 32
58 42 0 32
58 43 100 30
58 43 0 30
58 43 0 30
58 43 0 30
58 43 0 30
58 43 0 30
58 43 0 30
58 43 0 30
58 43 0 30
58 43 0 30
58 43 0 30
58 43 0 30
58 43 0 30
58 43 0 30
58 43 0 30
58 43 0 30
58 43 0 30
58 43 0 30
58 43 0 30
58 42 -100 32
58 43 100 30
58 43 0 30
58 42 -100 32
58 42 0 32
58 42 0 32
58 42 0 32
58 42 0 32
58 42 0 32
58 42 0 32
58 42 0 32
58 42 0 32
58 42 0 32
58 42 0 32
58 42 0 32
58 42 0 32
58 42 0 32
58 42 0 32
58 42 0 32
58 42 0 32
58 42 0 32
58 42 0 32
58 41 -100 34
58 41 0 34
58 41 0 34
58 41 0 34
58 41 0 34
58 41 0 34
58 41 0 34
58 41 0 34
58 41 0 34
58 41 0 34
58 41 0 34
58 41 0 34
58 41 0 34
58 41 0 34
58 41 0 34
58 41 0 34
58 41 0 34
58 41 0 34
58 41 0 34
58 41 0 34
58 41 0 34
58 42 100 32
58 41 -100 34
58 41 0 34
58 41 0 34
58 42 100 32
58 41 -100 34
58 41 0 34
58 41 0 34
58 42 100 32
58 42 0 32
58 41 -100 34
58 41 0 34
58 41 0 34
58 41 0 34
58 41 0 34
58 41 0 34
58 41 0 34
58 41 0 34
58 41 0 34
58 41 0 34
58 41 0 34
58 41 0 34
58 41 0 34
58 41 0 34
58 41 0 34
58 41 0 34
58 41 0 34
58 41 0 34
58 41 0 34
58 41 0 34
58 41 0 34
58 41 0 34
58 41 0 34
58 41 0 34
58 41 0 34
58 41 0 34
58 41 0 34
58 41 0 34
58 41 0 34
58 41 0 34
58 41 0 34
58 41 0 34
58 41 0 34
58 41 0 34
58 41 0 34
58 41 0 34
58 41 0 34
58 41 0 34
58 41 0 34
58 41 0 34
58 41 0 34
58 41 0 34
58 41 0 34
58 41 0 34
58 41 0 34
58 41 0 34
58 41 0 34
58 41 0 34
58 41 0 34
58 41 0 34
58 41 0 34
58 41 0 34
58 41 0 34
58 41 0 34
58 41 0 34
58 41 0 34
58 41 0 34
58 41 0 34
58 41 0 34
58 41 0 34
58 42 100 32
58 42 0 32
58 42 0 32
58 43 100 30
58 43 0 30
58 44 100 28
58 44 0 28
58 45 100 26
58 45 0 26
58 45 0 26
58 46 100 24
58 47 100 22
58 47 0 22
58 48 100 20
58 49 100 18
58 49 0 18
58 50 100 16
58 50 0 16
58 51 100 14
58 51 0 14
58 52 100 12
58 53 100 10
58 53 0 10
58 54 100 8
58 54 0 8
58 55 100 6
58 55 0 6
58 56 100 4
58 56 0 4
58 57 100 2
58 57 0 2
58 57 0 2
58 57 0 2
58 58 100 0
58 58 0 0
58 58 0 0
58 58 0 0
58 58 0 0
58 58 0 0
58 58 0 0
58 58 0 0
58 58 0 0
58 58 0 0
58 58 0 0
58 58 0 0
58 58 0 0
58 57 -100 2
58 57 0 2
58 57 0 2
58 57 0 2
58 56 -100 4
58 56 0 4
58 56 0 4
58 55 -100 6
58 55 0 6
58 54 -100 8
58 54 0 8
58 53 -100 10
58 53 0 10
58 52 -100 12
58 51 -100 14
58 51 0 14
58 50 -100 16
58 50 0 16
58 50 0 16
58 50 0 16
58 49 -100 18
58 49 0 18
58 49 0 18
58 49 0 18
58 49 0 18
58 49 0 18
58 49 0 18
58 49 0 18
58 49 0 18
58 49 0 18
58 48 -100 20
58 48 0 20
58 48 0 20
58 48 0 20
58 47 -100 22
58 47 0 22
58 47 0 22
58 47 0 22
58 47 0 22
58 47 0 22
58 47 0 22
58 47 0 22
58 47 0 22
58 47 0 22
58 47 0 22
58 47 0 22
58 47 0 22
58 47 0 22
58 47 0 22
58 47 0 22
58 47 0 22
58 47 0 22
58 47 0 22
58 47 0 22
58 47 0 22
58 47 0 22
58 47 0 22
58 47 0 22
58 47 0 22
58 47 0 22
58 47 0 22
58 47 0 22
58 47 0 22
58 47 0 22
58 47 0 22
58 47 0 22
58 47 0 22
58 47 0 22
58 47 0 22
58 47 0 22
58 47 0 22
58 47 0 22
58 47 0 22
58 47 0 22
58 47 0 22
58 46 -100 24
58 47 100 22
58 47 0 22
58 47 0 22
58 46 -100 24
58 47 100 22
58 47 0 22
58 47 0 22
58 47 0 22
58 46 -100 24
58 46 0 24
58 46 0 24
58 46 0 24
58 46 0 24
58 46 0 24
58 46 0 24
58 46 0 24
58 46 0 24
58 46 0 24
58 46 0 24
58 46 0 24
58 46 0 24
58 46 0 24
58 46 0 24
58 46 0 24
58 46 0 24
58 46 0 24
58 46 0 24
58 46 0 24
58 46 0 24
58 46 0 24
58 46 0 24
58 47 100 22
58 47 0 22
58 47 0 22
58 47 0 22
58 47 0 22
58 47 0 22
58 47 0 22
58 47 0 22
58 47 0 22
58 47 0 22
58 47 0 22
58 48 100 20
58 48 0 20
58 48 0 20
58 48 0 20
58 49 100 18
58 49 0 18
58 49 0 18
58 50 100 16
58 50 0 16
58 51 100 14
58 51 0 14
58 52 100 12
58 52 0 12
58 53 100 10
58 54 100 8
58 55 100 6
58 56 100 4
58 57 100 2
58 58 100 0
58 58 0 0
58 59 100 -2
58 60 100 -4
58 61 100 -6
58 61 0 -6
58 62 100 -8
58 63 100 -10
58 64 100 -12
58 64 0 -12
58 65 100 -14
58 65 0 -14
58 65 0 -14
58 65 0 -14
58 65 0 -14
58 66 100 -16
58 66 0 -16
58 66 0 -16
58 66 0 -16
58 66 0 -16
58 66 0 -16
58 66 0 -16
58 66 0 -16
58 66 0 -16
58 66 0 -16
58 66 0 -16
58 66 0 -16
58 66 0 -16
58 66 0 -16
58 66 0 -16
58 66 0 -16
58 66 0 -16
58 66 0 -16
58 66 0 -16
58 66 0 -16
58 65 -100 -14
58 65 0 -14
58 65 0 -14
58 65 0 -14
58 65 0 -14
58 65 0 -14
58 65 0 -14
58 64 -100 -12
58 64 0 -12
58 64 0 -12
58 63 -100 -10
58 63 0 -10
58 62 -100 -8
58 62 0 -8
58 61 -100 -6
58 60 -100 -4
58 59 -100 -2
58 58 -100 0
58 58 0 0
58 56 -200 4
58 55 -100 6
58 54 -100 8
58 52 -200 12
58 51 -100 14
58 50 -100 16
58 48 -200 20
58 47 -100 22
58 47 0 22
58 47 0 22
58 46 -100 24
58 46 0 24
58 46 0 24
58 46 0 24
58 45 -100 26
58 45 0 26
58 45 0 26
58 45 0 26
58 45 0 26
58 45 0 26
58 45 0 26
58 45 0 26
58 45 0 26
58 45 0 26
58 44 -100 28
58 44 0 28
58 44 0 28
58 44 0 28
58 44 0 28
58 44 0 28
58 44 0 28
58 44 0 28
58 44 0 28
58 44 0 28
58 44 0 28
58 44 0 28
58 44 0 28
58 44 0 28
58 44 0 28
58 44 0 28
58 44 0 28
58 44 0 28
58 44 0 28
58 44 0 28
58 44 0 28
58 44 0 28
58 44 0 28
58 44 0 28
58 44 0 28
58 44 0 28
58 44 0 28
58 44 0 28
58 44 0 28
58 44 0 28
58 45 100 26
58 45 0 26
58 45 0 26
58 45 0 26
58 45 0 26
58 45 0 26
58 45 0 26
58 45 0 26
58 45 0 26
58 45 0 26
58 45 0 26
58 45 0 26
58 45 0 26
58 45 0 26
58 45 0 26
58 44 -100 28
58 44 0 28
58 44 0 28
58 44 0 28
58 44 0 28
58 44 0 28
58 44 0 28
58 44 0 28
58 44 0 28
58 44 0 28
58 44 0 28
58 44 0 28
58 44 0 28
58 44 0 28
58 44 0 28
58 44 0 28
58 44 0 28
58 44 0 28
58 44 0 28
58 44 0 28
58 44 0 28
58 44 0 28
58 44 0 28
58 44 0 28
58 44 0 28
58 44 0 28
58 43 -100 30
58 43 0 30
58 44 100 28
58 44 0 28
58 44 0 28
58 44 0 28
58 43 -100 30
58 43 0 30
58 43 0 30
58 43 0 30
58 43 0 30
58 43 0 30
58 43 0 30
58 43 0 30
58 43 0 30
58 43 0 30
58 43 0 30
58 43 0 30
58 43 0 30
58 43 0 30
58 43 0 30
58 43 0 30
58 43 0 30
58 43 0 30
58 43 0 30
58 43 0 30
58 43 0 30
58 43 0 30
58 42 -100 32
58 42 0 32
58 42 0 32
58 42 0 32
58 42 0 32
58 42 0 32
58 42 0 32
58 42 0 32
58 42 0 32
58 42 0 32
58 41 -100 34
58 41 0 34
58 41 0 34
58 41 0 34
58 41 0 34
58 41 0 34
58 41 0 34
58 41 0 34
58 41 0 34
58 41 0 34
58 41 0 34
58 41 0 34
58 41 0 34
58 41 0 34
58 41 0 34
58 41 0 34
58 41 0 34
58 41 0 34
58 41 0 34
58 41 0 34
58 41 0 34
58 41 0 34
58 41 0 34
58 41 0 34
58 41 0 34
58 41 0 34
58 41 0 34
58 41 0 34
58 41 0 34
58 41 0 34
58 41 0 34
58 41 0 34
58 42 100 32
58 42 0 32
58 42 0 32
58 42 0 32
58 42 0 32
58 42 0 32
58 43 100 30
58 43 0 30
58 44 100 28
58 44 0 28
58 45 100 26
58 45 0 26
58 45 0 26
58 46 100 24
58 46 0 24
58 47 100 22
58 47 0 22
58 47 0 22
58 47 0 22
58 47 0 22
58 47 0 22
58 47 0 22
58 47 0 22
58 47 0 22
58 47 0 22
58 47 0 22
58 47 0 22
58 47 0 22
58 47 0 22
58 47 0 22
58 47 0 22
58 47 0 22
58 47 0 22
58 47 0 22
58 47 0 22
58 46 -100 24
58 46 0 24
58 46 0 24
58 46 0 24
58 45 -100 26
58 45 0 26
58 45 0 26
58 45 0 26
58 45 0 26
58 44 -100 28
58 44 0 28
58 44 0 28
58 43 -100 30
58 42 -100 32
58 42 0 32
58 42 0 32
58 42 0 32
58 42 0 32
58 42 0 32
58 41 -100 34
58 41 0 34
58 41 0 34
58 40 -100 36
58 40 0 36
58 40 0 36
58 40 0 36
58 40 0 36
58 40 0 36
58 39 -100 38
58 39 0 38
58 39 0 38
58 39 0 38
58 39 0 38
58 39 0 38
58 39 0 38
58 39 0 38
58 38 -100 40
58 38 0 40
58 38 0 40
58 38 0 40
58 38 0 40
58 38 0 40
58 38 0 40
58 38 0 40
58 38 0 40
58 38 0 40
58 38 0 40
58 38 0 40
58 38 0 40
58 38 0 40
58 38 0 40
58 38 0 40
58 38 0 40
58 38 0 40
58 38 0 40
58 38 0 40
58 38 0 40
58 38 0 40
58 38 0 40
58 39 100 38
58 39 0 38
58 40 100 36
58 40 0 36
58 40 0 36
58 41 100 34
58 42 100 32
58 42 0 32
58 42 0 32
58 43 100 30
58 43 0 30
58 44 100 28
58 44 0 28
58 44 0 28
58 45 100 26
58 45 0 26
58 45 0 26
58 45 0 26
58 45 0 26
58 45 0 26
58 46 100 24
58 46 0 24
58 46 0 24
58 46 0 24
58 46 0 24
58 46 0 24
58 46 0 24
58 46 0 24
58 46 0 24
58 46 0 24
58 46 0 24
58 46 0 24
58 46 0 24
58 46 0 24
58 46 0 24
58 46 0 24
58 46 0 24
58 47 100 22
58 47 0 22
58 47 0 22
58 47 0 22
58 47 0 22
58 47 0 22
58 47 0 22
58 47 0 22
58 47 0 22
58 47 0 22
58 46 -100 24
58 46 0 24
58 46 0 24
58 46 0 24
58 46 0 24
58 46 0 24
58 46 0 24
58 46 0 24
58 46 0 24
58 46 0 24
58 46 0 24
58 46 0 24
58 45 -100 26
58 45 0 26
58 45 0 26
58 45 0 26
58 45 0 26
58 45 0 26
58 44 -100 28
58 43 -100 30
58 42 -100 32
58 40 -200 36
58 38 -200 40
58 37 -100 42
58 35 -200 46
58 33 -200 50
58 32 -100 52
58 31 -100 54
58 29 -200 58
58 28 -100 60
58 26 -200 64
58 25 -100 66
58 24 -100 68
58 22 -200 72
58 21 -100 74
58 20 -100 76
58 19 -100 78
58 18 -100 80
58 17 -100 82
58 16 -100 84
58 16 0 84
58 16 0 84
58 16 0 84
58 16 0 84
58 16 0 84
58 16 0 84
58 16 0 84
58 16 0 84
58 16 0 84
58 15 -100 86
58 15 0 86
58 15 0 86
58 15 0 86
58 14 -100 88
58 14 0 88
58 13 -100 90
58 13 0 90
58 13 0 90
58 12 -100 92
58 12 0 92
58 11 -100 94
58 11 0 94
58 11 0 94
58 10 -100 96
58 10 0 96
58 9 -100 98
58 9 0 98
58 8 -100 100
58 8 0 100
58 7 -100 102
58 6 -100 104
58 6 0 104
58 5 -100 106
58 5 0 106
58 4 -100 108
58 4 0 108
58 4 0 108
58 4 0 108
58 3 -100 110
58 3 0 110
58 3 0 110
58 3 0 110
58 3 0 110
58 3 0 110
58 3 0 110
58 3 0 110
58 3 0 110
58 3 0 110
58 3 0 110
58 3 0 110
58 3 0 110
58 3 0 110
58 3 0 110
58 3 0 110
58 3 0 110
58 3 0 110
58 3 0 110
58 3 0 110
58 3 0 110
58 3 0 110
58 3 0 110
58 3 0 110
58 3 0 110
58 3 0 110
58 3 0 110
58 3 0 110
58 3 0 110
58 3 0 110
58 3 0 110
58 3 0 110
58 3 0 110
58 3 0 110
58 3 0 110
58 3 0 110
58 3 0 110
58 3 0 110
58 3 0 110
58 3 0 110
58 3 0 110
58 3 0 110
58 3 0 110
58 3 0 110
58 3 0 110
58 3 0 110
58 3 0 110
58 3 0 110
58 3 0 110
58 3 0 110
58 3 0 110
58 3 0 110
58 3 0 110
58 3 0 110
58 3 0 110
58 3 0 110
58 3 0 110
58 3 0 110
58 3 0 110
58 3 0 110
58 3 0 110
58 3 0 110
58 3 0 110
58 3 0 110
58 3 0 110
58 3 0 110
58 3 0 110
58 3 0 110
58 3 0 110
58 3 0 110
58 3 0 110
58 3 0 110
58 3 0 110
58 3 0 110
58 3 0 110
58 3 0 110
58 3 0 110
58 3 0 110
58 3 0 110
58 3 0 110
58 3 0 110
58 3 0 110
58 3 0 110
58 3 0 110
58 3 0 110
58 3 0 110
58 3 0 110
58 3 0 110
58 3 0 110
58 3 0 110
58 3 0 110
58 3 0 110
58 3 0 110
58 3 0 110
58 3 0 110
58 3 0 110
58 3 0 110
58 3 0 110
58 3 0 110
58 3 0 110
58 3 0 110
58 3 0 110
58 3 0 110
58 3 0 110
58 3 0 110
58 3 0 110
58 3 0 110
58 3 0 110
58 3 0 110
58 3 0 110
58 3 0 110
58 3 0 110
58 3 0 110
58 3 0 110
58 3 0 110
58 3 0 110
58 3 0 110
58 3 0 110
58 3 0 110
58 3 0 110
58 3 0 110
58 3 0 110
58 3 0 110
58 3 0 110
58 3 0 110
58 3 0 110
58 3 0 110
58 3 0 110
58 3 0 110
58 3 0 110
58 3 0 110
58 3 0 110
58 3 0 110
58 3 0 110
58 3 0 110
58 3 0 110
58 3 0 110
58 3 0 110
58 3 0 110
58 3 0 110
58 3 0 110
58 3 0 110
58 3 0 110
58 3 0 110
58 3 0 110
58 3 0 110
58 3 0 110
58 3 0 110
58 3 0 110
58 3 0 110
58 3 0 110
58 3 0 110
58 3 0 110
58 3 0 110
58 3 0 110
58 3 0 110
58 3 0 110
58 3 0 110
58 3 0 110
58 3 0 110
58 3 0 110
58 3 0 110
58 3 0 110
58 3 0 110
58 3 0 110
58 3 0 110
58 3 0 110
58 3 0 110
58 3 0 110
58 3 0 110
58 3 0 110
58 3 0 110
58 3 0 110
58 3 0 110
58 3 0 110
58 3 0 110
58 3 0 110
58 3 0 110
58 3 0 110
58 3 0 110
58 3 0 110
58 3 0 110
58 3 0 110
58 3 0 110
58 3 0 110
58 3 0 110
58 3 0 110
58 3 0 110
58 3 0 110
58 3 0 110
58 3 0 110
58 3 0 110
58 3 0 110
58 3 0 110
58 3 0 110
58 3 0 110
58 3 0 110
58 3 0 110
58 3 0 110
58 3 0 110
58 3 0 110
58 3 0 110
58 3 0 110
58 3 0 110
58 3 0 110
58 3 0 110
58 3 0 110
58 3 0 110
58 3 0 110
58 3 0 110
58 3 0 110
58 3 0 110
58 3 0 110
58 3 0 110
58 3 0 110
58 3 0 110
58 3 0 110
58 3 0 110
58 3 0 110
58 3 0 110
58 3 0 110
58 3 0 110
58 3 0 110
58 3 0 110
58 3 0 110
58 3 0 110
58 3 0 110
58 3 0 110
58 3 0 110
58 3 0 110
58 3 0 110
58 3 0 110
58 3 0 110
58 3 0 110
58 3 0 110
58 3 0 110
58 3 0 110
58 3 0 110
58 3 0 110
58 3 0 110
58 3 0 110
58 3 0 110
58 3 0 110
58 3 0 110
58 3 0 110
58 3 0 110
58 3 0 110
58 3 0 110
58 3 0 110
58 3 0 110
58 3 0 110
58 3 0 110
58 3 0 110
58 3 0 110
58 3 0 110
58 3 0 110
58 3 0 110
58 3 0 110
58 3 0 110
58 3 0 110
58 3 0 110
58 3 0 110
58 3 0 110
58 3 0 110
58 3 0 110
58 3 0 110
58 3 0 110
58 3 0 110
58 3 0 110
58 3 0 110
58 3 0 110
58 3 0 110
58 3 0 110
58 3 0 110
58 3 0 110
58 3 0 110
58 3 0 110
58 3 0 110
58 3 0 110
58 3 0 110
58 3 0 110
58 3 0 110
58 3 0 110
58 3 0 110
58 3 0 110
58 3 0 110
58 3 0 110
58 3 0 110
58 4 100 108
58 4 0 108
58 6 200 104
58 7 100 102
58 8 100 100
58 9 100 98
58 10 100 96
58 11 100 94
58 11 0 94
58 12 100 92
58 12 0 92
58 13 100 90
58 14 100 88
58 14 0 88
58 14 0 88
58 15 100 86
58 15 0 86
58 15 0 86
58 15 0 86
58 16 100 84
58 17 100 82
58 18 100 80
58 19 100 78
58 19 0 78
58 20 100 76
58 21 100 74
58 22 100 72
58 22 0 72
58 23 100 70
58 24 100 68
58 25 100 66
58 26 100 64
58 27 100 62
58 28 100 60
58 28 0 60
58 29 100 58
58 30 100 56
58 30 0 56
58 31 100 54
58 32 100 52
58 33 100 50
58 33 0 50
58 34 100 48
58 35 100 46
58 35 0 46
58 36 100 44
58 36 0 44
58 37 100 42
58 38 100 40
58 38 0 40
58 39 100 38
58 39 0 38
58 40 100 36
58 40 0 36
58 40 0 36
58 41 100 34
58 41 0 34
58 42 100 32
58 42 0 32
58 42 0 32
58 42 0 32
58 42 0 32
58 42 0 32
58 42 0 32
58 43 100 30
58 43 0 30
58 43 0 30
58 43 0 30
58 43 0 30
58 43 0 30
58 43 0 30
58 43 0 30
58 43 0 30
58 43 0 30
58 43 0 30
58 43 0 30
58 43 0 30
58 43 0 30
58 43 0 30
58 43 0 30
58 43 0 30
58 43 0 30
58 43 0 30
58 43 0 30
58 43 0 30
58 43 0 30
58 43 0 30
58 43 0 30
58 43 0 30
58 43 0 30
58 43 0 30
58 43 0 30
58 43 0 30
58 43 0 30
58 43 0 30
58 42 -100 32
58 43 100 30
58 43 0 30
58 42 -100 32
58 42 0 32
58 43 100 30
58 43 0 30
58 43 0 30
58 42 -100 32
58 42 0 32
58 42 0 32
58 43 100 30
58 42 -100 32
58 42 0 32
58 43 100 30
58 43 0 30
58 43 0 30
58 43 0 30
58 43 0 30
58 43 0 30
58 43 0 30
58 43 0 30
58 43 0 30
58 43 0 30
58 43 0 30
58 43 0 30
58 43 0 30
58 43 0 30
58 43 0 30
58 43 0 30
58 43 0 30
58 43 0 30
58 43 0 30
58 43 0 30
58 43 0 30
58 43 0 30
58 43 0 30
58 43 0 30
58 43 0 30
58 43 0 30
58 43 0 30
58 43 0 30
58 43 0 30
58 43 0 30
58 43 0 30
58 43 0 30
58 43 0 30
58 43 0 30
58 43 0 30
58 43 0 30
58 43 0 30
58 43 0 30
58 43 0 30
58 43 0 30
58 43 0 30
58 43 0 30
58 43 0 30
58 43 0 30
58 43 0 30
58 43 0 30
58 43 0 30
58 43 0 30
58 43 0 30
58 42 -100 32
58 43 100 30
58 43 0 30
58 43 0 30
58 43 0 30
58 43 0 30
58 43 0 30
58 43 0 30
58 43 0 30
58 43 0 30
58 43 0 30
58 43 0 30
58 43 0 30
58 43 0 30
58 43 0 30
58 43 0 30
58 43 0 30
58 43 0 30
58 43 0 30
58 43 0 30
58 43 0 30
58 43 0 30
58 43 0 30
58 43 0 30
58 43 0 30
58 43 0 30
58 43 0 30
58 43 0 30
58 43 0 30
58 43 0 30
58 43 0 30
58 43 0 30
58 43 0 30
58 43 0 30
58 43 0 30
58 43 0 30
58 43 0 30
58 43 0 30
58 43 0 30
58 43 0 30
58 43 0 30
58 43 0 30
58 43 0 30
58 43 0 30
58 43 0 30
58 43 0 30
58 43 0 30
58 43 0 30
58 43 0 30
58 43 0 30
58 43 0 30
58 43 0 30
58 43 0 30
58 43 0 30
58 43 0 30
58 43 0 30
58 43 0 30
58 43 0 30
58 43 0 30
58 43 0 30
58 43 0 30
58 43 0 30
58 43 0 30
58 43 0 30
58 43 0 30
58 43 0 30
58 43 0 30
58 43 0 30
58 43 0 30
58 43 0 30
58 43 0 30
58 43 0 30
58 43 0 30
58 43 0 30
58 43 0 30
58 43 0 30
58 43 0 30
58 43 0 30
58 43 0 30
58 43 0 30
58 43 0 30
58 43 0 30
58 43 0 30
58 43 0 30
58 43 0 30
58 43 0 30
58 43 0 30
58 43 0 30
58 43 0 30
58 43 0 30
58 43 0 30
58 43 0 30
58 43 0 30
58 43 0 30
58 43 0 30
58 43 0 30
58 43 0 30
58 43 0 30
58 43 0 30
58 43 0 30
58 43 0 30
58 43 0 30
58 43 0 30
58 43 0 30
58 43 0 30
58 43 0 30
58 43 0 30
58 43 0 30
58 43 0 30
58 43 0 30
58 43 0 30
58 43 0 30
58 43 0 30
58 43 0 30
58 43 0 30
58 43 0 30
58 43 0 30
58 43 0 30
58 43 0 30
58 43 0 30
58 43 0 30
58 43 0 30
58 43 0 30
58 43 0 30
58 43 0 30
58 43 0 30
58 43 0 30
58 43 0 30
58 43 0 30
58 43 0 30
58 43 0 30
58 43 0 30
58 43 0 30
58 43 0 30
58 43 0 30
58 43 0 30
58 43 0 30
58 43 0 30
58 43 0 30
58 43 0 30
58 43 0 30
58 43 0 30
58 43 0 30
58 43 0 30
58 43 0 30
58 43 0 30
58 43 0 30
58 43 0 30
58 43 0 30
58 43 0 30
58 43 0 30
58 43 0 30
58 43 0 30
58 43 0 30
58 43 0 30
58 43 0 30
58 43 0 30
58 43 0 30
58 43 0 30
58 43 0 30
58 43 0 30
58 43 0 30
58 43 0 30
58 43 0 30
58 43 0 30
58 43 0 30
58 43 0 30
58 43 0 30
58 43 0 30
58 43 0 30
58 43 0 30
58 43 0 30
58 43 0 30
58 43 0 30
58 43 0 30
58 43 0 30
58 43 0 30
58 43 0 30
58 43 0 30
58 43 0 30
58 43 0 30
58 43 0 30
58 43 0 30
58 43 0 30
58 43 0 30
58 43 0 30
58 43 0 30
58 43 0 30
58 43 0 30
58 43 0 30
58 43 0 30
58 43 0 30
58 43 0 30
58 43 0 30
58 43 0 30
58 43 0 30
58 43 0 30
58 43 0 30
58 43 0 30
58 43 0 30
58 43 0 30
58 43 0 30
58 43 0 30
58 43 0 30
58 43 0 30
58 43 0 30
58 43 0 30
58 43 0 30
58 43 0 30
58 43 0 30
58 42 -100 32
58 42 0 32
58 42 0 32
58 42 0 32
58 42 0 32
58 42 0 32
58 42 0 32
58 42 0 32
58 42 0 32
58 42 0 32
58 42 0 32
58 42 0 32
58 42 0 32
58 42 0 32
58 42 0 32
58 42 0 32
58 42 0 32
58 42 0 32
58 42 0 32
58 42 0 32
58 42 0 32
58 42 0 32
58 42 0 32
58 42 0 32
58 42 0 32
58 42 0 32
58 42 0 32
58 42 0 32
58 42 0 32
58 42 0 32
58 43 100 30
58 43 0 30
58 43 0 30
58 43 0 30
58 43 0 30
58 43 0 30
58 43 0 30
58 43 0 30
58 43 0 30
58 43 0 30
58 43 0 30
58 43 0 30
58 43 0 30
58 43 0 30
58 43 0 30
58 43 0 30
58 43 0 30
58 43 0 30
58 43 0 30
58 43 0 30
58 43 0 30
58 43 0 30
58 43 0 30
58 43 0 30
58 43 0 30
58 43 0 30
58 43 0 30
58 43 0 30
58 43 0 30
58 43 0 30
58 43 0 30
58 43 0 30
58 43 0 30
58 43 0 30
58 43 0 30
58 43 0 30
58 43 0 30
58 43 0 30
58 43 0 30
58 43 0 30
58 43 0 30
58 43 0 30
58 43 0 30
58 43 0 30
58 43 0 30
58 43 0 30
58 43 0 30
58 43 0 30
58 43 0 30
58 43 0 30
58 43 0 30
58 43 0 30
58 43 0 30
58 43 0 30
58 43 0 30
58 43 0 30
58 43 0 30
58 43 0 30
58 43 0 30
58 43 0 30
58 43 0 30
58 43 0 30
58 43 0 30
58 43 0 30
58 43 0 30
58 43 0 30
58 43 0 30
58 43 0 30
58 43 0 30
58 43 0 30
58 43 0 30
58 43 0 30
58 43 0 30
58 43 0 30
58 43 0 30
58 43 0 30
58 43 0 30
58 43 0 30
58 43 0 30
58 43 0 30
58 43 0 30
58 43 0 30
58 43 0 30
58 43 0 30
58 43 0 30
58 43 0 30
58 43 0 30
58 43 0 30
58 43 0 30
58 43 0 30
58 43 0 30
58 43 0 30
58 43 0 30
58 43 0 30
58 43 0 30
58 43 0 30
58 43 0 30
58 43 0 30
58 43 0 30
58 43 0 30
58 43 0 30
58 43 0 30
58 43 0 30
58 43 0 30
58 43 0 30
58 43 0 30
58 43 0 30
58 43 0 30
58 43 0 30
58 43 0 30
58 43 0 30
58 43 0 30
58 43 0 30
58 43 0 30
58 43 0 30
58 43 0 30
58 43 0 30
58 43 0 30
58 44 100 28
58 44 0 28
58 44 0 28
58 44 0 28
58 44 0 28
58 44 0 28
58 45 100 26
58 45 0 26
58 45 0 26
58 46 100 24
58 46 0 24
58 47 100 22
58 47 0 22
58 48 100 20
58 48 0 20
58 49 100 18
58 49 0 18
58 50 100 16
58 51 100 14
58 51 0 14
58 52 100 12
58 53 100 10
58 54 100 8
58 54 0 8
58 55 100 6
58 56 100 4
58 57 100 2
58 58 100 0
58 58 0 0
58 59 100 -2
58 60 100 -4
58 60 0 -4
58 61 100 -6
58 62 100 -8
58 62 0 -8
58 62 0 -8
58 63 100 -10
58 63 0 -10
58 63 0 -10
58 63 0 -10
58 63 0 -10
58 63 0 -10
58 63 0 -10
58 63 0 -10
58 63 0 -10
58 63 0 -10
58 63 0 -10
58 63 0 -10
58 63 0 -10
58 63 0 -10
58 62 -100 -8
58 62 0 -8
58 62 0 -8
58 62 0 -8
58 61 -100 -6
58 61 0 -6
58 60 -100 -4
58 60 0 -4
58 59 -100 -2
58 59 0 -2
58 58 -100 0
58 58 0 0
58 57 -100 2
58 56 -100 4
58 55 -100 6
58 55 0 6
58 54 -100 8
58 53 -100 10
58 53 0 10
58 52 -100 12
58 51 -100 14
58 51 0 14
58 51 0 14
58 51 0 14
58 51 0 14
58 51 0 14
58 51 0 14
58 51 0 14
58 51 0 14
58 51 0 14
58 51 0 14
58 51 0 14
58 51 0 14
58 51 0 14
58 51 0 14
58 51 0 14
58 50 -100 16
58 50 0 16
58 50 0 16
58 50 0 16
58 50 0 16
58 50 0 16
58 50 0 16
58 50 0 16
58 50 0 16
58 50 0 16
58 50 0 16
58 50 0 16
58 49 -100 18
58 49 0 18
58 49 0 18
58 49 0 18
58 49 0 18
58 49 0 18
58 49 0 18
58 49 0 18
58 49 0 18
58 49 0 18
58 49 0 18
58 49 0 18
58 49 0 18
58 48 -100 20
58 48 0 20
58 48 0 20
58 48 0 20
58 48 0 20
58 47 -100 22
58 47 0 22
58 47 0 22
58 46 -100 24
58 46 0 24
58 46 0 24
58 46 0 24
58 46 0 24
58 46 0 24
58 46 0 24
58 46 0 24
58 46 0 24
58 46 0 24
58 46 0 24
58 46 0 24
58 46 0 24
58 45 -100 26
58 45 0 26
58 45 0 26
58 45 0 26
58 45 0 26
58 45 0 26
58 45 0 26
58 45 0 26
58 45 0 26
58 45 0 26
58 45 0 26
58 45 0 26
58 45 0 26
58 45 0 26
58 45 0 26
58 45 0 26
58 45 0 26
58 44 -100 28
58 44 0 28
58 44 0 28
58 44 0 28
58 44 0 28
58 44 0 28
58 44 0 28
58 44 0 28
58 44 0 28
58 44 0 28
58 44 0 28
58 44 0 28
58 44 0 28
58 44 0 28
58 44 0 28
58 44 0 28
58 44 0 28
58 44 0 28
58 44 0 28
58 44 0 28
58 44 0 28
58 45 100 26
58 45 0 26
58 45 0 26
58 45 0 26
58 45 0 26
58 45 0 26
58 45 0 26
58 44 -100 28
58 45 100 26
58 45 0 26
58 45 0 26
58 45 0 26
58 44 -100 28
58 44 0 28
58 44 0 28
58 44 0 28
58 44 0 28
58 44 0 28
58 44 0 28
58 44 0 28
58 44 0 28
58 44 0 28
58 44 0 28
58 44 0 28
58 44 0 28
58 44 0 28
58 44 0 28
58 44 0 28
58 44 0 28
58 44 0 28
58 44 0 28
58 44 0 28
58 44 0 28
58 44 0 28
58 44 0 28
58 44 0 28
58 44 0 28
58 44 0 28
58 44 0 28
58 44 0 28
58 44 0 28
58 44 0 28
58 44 0 28
58 44 0 28
58 44 0 28
58 44 0 28
58 44 0 28
58 44 0 28
58 44 0 28
58 44 0 28
58 44 0 28
58 44 0 28
58 44 0 28
58 44 0 28
58 44 0 28
58 44 0 28
58 44 0 28
58 44 0 28
58 44 0 28
58 44 0 28
58 44 0 28
58 44 0 28
58 44 0 28
58 44 0 28
58 44 0 28
58 44 0 28
58 44 0 28
58 44 0 28
58 44 0 28
58 44 0 28
58 44 0 28
58 44 0 28
58 44 0 28
58 44 0 28
58 44 0 28
58 44 0 28
58 44 0 28
58 44 0 28
58 44 0 28
58 44 0 28
58 44 0 28
58 44 0 28
58 44 0 28
58 44 0 28
58 43 -100 30
58 44 100 28
58 44 0 28
58 43 -100 30
58 43 0 30
58 44 100 28
58 44 0 28
58 44 0 28
58 43 -100 30
58 43 0 30
58 43 0 30
58 44 100 28
58 43 -100 30
58 43 0 30
58 44 100 28
58 44 0 28
58 44 0 28
58 44 0 28
58 44 0 28
58 44 0 28
58 44 0 28
58 44 0 28
58 44 0 28
58 44 0 28
58 44 0 28
58 44 0 28
58 44 0 28
58 44 0 28
58 44 0 28
58 44 0 28
58 44 0 28
58 44 0 28
58 44 0 28
58 44 0 28
58 44 0 28
58 44 0 28
58 44 0 28
58 44 0 28
58 44 0 28
58 44 0 28
58 44 0 28
58 44 0 28
58 44 0 28
58 44 0 28
58 44 0 28
58 44 0 28
58 44 0 28
58 44 0 28
58 44 0 28
58 44 0 28
58 44 0 28
58 44 0 28
58 44 0 28
58 44 0 28
58 44 0 28
58 44 0 28
58 44 0 28
58 44 0 28
58 43 -100 30
58 44 100 28
58 44 0 28
58 44 0 28
58 44 0 28
58 43 -100 30
58 44 100 28
58 44 0 28
58 43 -100 30
58 43 0 30
58 44 100 28
58 44 0 28
58 44 0 28
58 44 0 28
58 43 -100 30
58 44 100 28
58 44 0 28
58 44 0 28
58 44 0 28
58 44 0 28
58 44 0 28
58 44 0 28
58 44 0 28
58 44 0 28
58 44 0 28
58 44 0 28
58 44 0 28
58 44 0 28
58 44 0 28
58 44 0 28
58 44 0 28
58 44 0 28
58 44 0 28
58 44 0 28
58 44 0 28
58 44 0 28
58 44 0 28
58 44 0 28
58 44 0 28
58 44 0 28
58 44 0 28
58 44 0 28
58 44 0 28
58 44 0 28
58 44 0 28
58 44 0 28
58 44 0 28
58 44 0 28
58 44 0 28
58 44 0 28
58 44 0 28
58 44 0 28
58 44 0 28
58 44 0 28
58 44 0 28
58 44 0 28
58 44 0 28
58 44 0 28
58 44 0 28
58 43 -100 30
58 44 100 28
58 44 0 28
58 44 0 28
58 43 -100 30
58 44 100 28
58 44 0 28
58 44 0 28
58 44 0 28
58 44 0 28
58 44 0 28
58 44 0 28
58 44 0 28
58 44 0 28
58 44 0 28
58 44 0 28
58 44 0 28
58 44 0 28
58 44 0 28
58 44 0 28
58 44 0 28
58 44 0 28
58 44 0 28
58 44 0 28
58 44 0 28
58 44 0 28
58 44 0 28
58 44 0 28
58 44 0 28
58 44 0 28
58 44 0 28
58 44 0 28
58 44 0 28
58 44 0 28
58 44 0 28
58 44 0 28
58 44 0 28
58 44 0 28
58 44 0 28
58 44 0 28
58 44 0 28
58 44 0 28
58 44 0 28
58 44 0 28
58 44 0 28
58 44 0 28
58 44 0 28
58 44 0 28
58 44 0 28
58 44 0 28
58 44 0 28
58 44 0 28
58 44 0 28
58 44 0 28
58 43 -100 30
58 44 100 28
58 44 0 28
58 44 0 28
58 44 0 28
58 44 0 28
58 44 0 28
58 44 0 28
58 44 0 28
58 44 0 28
58 44 0 28
58 44 0 28
58 44 0 28
58 44 0 28
58 44 0 28
58 44 0 28
58 44 0 28
58 44 0 28
58 44 0 28
58 44 0 28
58 44 0 28
58 44 0 28
58 44 0 28
58 44 0 28
58 44 0 28
58 44 0 28
58 44 0 28
58 44 0 28
58 44 0 28
58 44 0 28
58 44 0 28
58 44 0 28
58 44 0 28
58 44 0 28
58 44 0 28
58 44 0 28
58 44 0 28
58 44 0 28
58 44 0 28
58 44 0 28
58 44 0 28
58 44 0 28
58 44 0 28
58 44 0 28
58 44 0 28
58 44 0 28
58 44 0 28
58 44 0 28
58 44 0 28
58 44 0 28
58 44 0 28
58 44 0 28
58 44 0 28
58 44 0 28
58 44 0 28
58 44 0 28
58 44 0 28
58 44 0 28
58 44 0 28
58 44 0 28
58 44 0 28
58 44 0 28
58 44 0 28
58 44 0 28
58 44 0 28
58 44 0 28
58 44 0 28
58 44 0 28
58 44 0 28
58 44 0 28
58 44 0 28
58 44 0 28
58 44 0 28
58 44 0 28
58 44 0 28
58 44 0 28
58 44 0 28
58 44 0 28
58 44 0 28
58 44 0 28
58 44 0 28
58 44 0 28
58 44 0 28
58 44 0 28
58 44 0 28
58 44 0 28
58 44 0 28
58 44 0 28
58 44 0 28
58 43 -100 30
58 43 0 30
58 43 0 30
58 43 0 30
58 43 0 30
58 43 0 30
58 43 0 30
58 43 0 30
58 43 0 30
58 43 0 30
58 43 0 30
58 43 0 30
58 43 0 30
58 43 0 30
58 43 0 30
58 43 0 30
58 43 0 30
58 43 0 30
58 43 0 30
58 43 0 30
58 43 0 30
58 43 0 30
58 43 0 30
58 43 0 30
58 44 100 28
58 44 0 28
58 44 0 28
58 44 0 28
58 43 -100 30
58 43 0 30
58 44 100 28
58 43 -100 30
58 43 0 30
58 44 100 28
58 44 0 28
58 44 0 28
58 44 0 28
58 43 -100 30
58 44 100 28
58 44 0 28
58 44 0 28
58 44 0 28
58 44 0 28
58 44 0 28
58 44 0 28
58 44 0 28
58 43 -100 30
58 44 100 28
58 44 0 28
58 44 0 28
58 43 -100 30
58 44 100 28
58 44 0 28
58 44 0 28
58 44 0 28
58 44 0 28
58 44 0 28
58 44 0 28
58 44 0 28
58 43 -100 30
58 44 100 28
58 44 0 28
58 44 0 28
58 44 0 28
58 43 -100 30
58 44 100 28
58 44 0 28
58 44 0 28
58 43 -100 30
58 44 100 28
58 44 0 28
58 44 0 28
58 44 0 28
58 43 -100 30
58 44 100 28
58 44 0 28
58 44 0 28
58 43 -100 30
58 44 100 28
58 44 0 28
58 44 0 28
58 44 0 28
58 44 0 28
58 44 0 28
58 44 0 28
58 44 0 28
58 43 -100 30
58 44 100 28
58 44 0 28
58 44 0 28
58 44 0 28
58 44 0 28
58 44 0 28
58 44 0 28
58 44 0 28
58 44 0 28
58 44 0 28
58 44 0 28
58 44 0 28
58 44 0 28
58 43 -100 30
58 44 100 28
58 44 0 28
58 44 0 28
58 44 0 28
58 44 0 28
58 44 0 28
58 44 0 28
58 44 0 28
58 43 -100 30
58 44 100 28
58 44 0 28
58 44 0 28
58 43 -100 30
58 44 100 28
58 44 0 28
58 44 0 28
58 44 0 28
58 43 -100 30
58 44 100 28
58 44 0 28
58 43 -100 30
58 43 0 30
58 44 100 28
58 44 0 28
58 44 0 28
58 44 0 28
58 43 -100 30
58 44 100 28
58 44 0 28
58 44 0 28
58 44 0 28
58 44 0 28
58 44 0 28
58 44 0 28
58 44 0 28
58 43 -100 30
58 44 100 28
58 44 0 28
58 44 0 28
58 44 0 28
58 44 0 28
58 44 0 28
58 44 0 28
58 44 0 28
58 43 -100 30
58 44 100 28
58 44 0 28
58 44 0 28
58 44 0 28
58 44 0 28
58 44 0 28
58 44 0 28
58 44 0 28
58 43 -100 30
58 44 100 28
58 44 0 28
58 44 0 28
58 43 -100 30
58 44 100 28
58 44 0 28
58 44 0 28
58 44 0 28
58 43 -100 30
58 44 100 28
58 44 0 28
58 44 0 28
58 43 -100 30
58 44 100 28
58 44 0 28
58 44 0 28
58 44 0 28
58 44 0 28
58 44 0 28
58 44 0 28
58 44 0 28
58 43 -100 30
58 44 100 28
58 44 0 28
58 44 0 28
58 44 0 28
58 44 0 28
58 44 0 28
58 44 0 28
58 44 0 28
58 44 0 28
58 44 0 28
58 44 0 28
58 44 0 28
58 44 0 28
58 43 -100 30
58 44 100 28
58 44 0 28
58 44 0 28
58 44 0 28
58 44 0 28
58 44 0 28
58 44 0 28
58 44 0 28
58 43 -100 30
58 44 100 28
58 44 0 28
58 44 0 28
58 43 -100 30
58 44 100 28
58 44 0 28
58 44 0 28
58 44 0 28
58 44 0 28
58 44 0 28
58 44 0 28
58 44 0 28
58 43 -100 30
58 44 100 28
58 44 0 28
58 44 0 28
58 44 0 28
58 43 -100 30
58 44 100 28
58 44 0 28
58 44 0 28
58 43 -100 30
58 44 100 28
58 44 0 28
58 44 0 28
58 44 0 28
58 44 0 28
58 44 0 28
58 44 0 28
58 44 0 28
58 44 0 28
58 44 0 28
58 44 0 28
58 44 0 28
58 44 0 28
58 43 -100 30
58 44 100 28
58 44 0 28
58 44 0 28
58 44 0 28
58 44 0 28
58 44 0 28
58 44 0 28
58 44 0 28
58 43 -100 30
58 44 100 28
58 44 0 28
58 44 0 28
58 44 0 28
58 44 0 28
58 44 0 28
58 44 0 28
58 44 0 28
58 43 -100 30
58 44 100 28
58 44 0 28
58 44 0 28
58 44 0 28
58 44 0 28
58 44 0 28
58 44 0 28
58 44 0 28
58 43 -100 30
58 44 100 28
58 44 0 28
58 44 0 28
58 43 -100 30
58 44 100 28
58 44 0 28
58 44 0 28
58 44 0 28
58 43 -100 30
58 44 100 28
58 44 0 28
58 44 0 28
58 44 0 28
58 44 0 28
58 44 0 28
58 44 0 28
58 44 0 28
58 43 -100 30
58 44 100 28
58 44 0 28
58 44 0 28
58 43 -100 30
58 44 100 28
58 44 0 28
58 44 0 28
58 44 0 28
58 44 0 28
58 44 0 28
58 44 0 28
58 44 0 28
58 44 0 28
58 44 0 28
58 44 0 28
58 44 0 28
58 44 0 28
58 44 0 28
58 44 0 28
58 44 0 28
58 44 0 28
58 44 0 28
58 44 0 28
58 44 0 28
58 44 0 28
58 44 0 28
58 44 0 28
58 44 0 28
58 44 0 28
58 44 0 28
58 44 0 28
58 44 0 28
58 44 0 28
58 44 0 28
58 44 0 28
58 44 0 28
58 44 0 28
58 44 0 28
58 44 0 28
58 44 0 28
58 44 0 28
58 44 0 28
58 44 0 28
58 44 0 28
58 44 0 28
58 44 0 28
58 44 0 28
58 44 0 28
58 44 0 28
58 44 0 28
58 44 0 28
58 44 0 28
58 44 0 28
58 44 0 28
58 44 0 28
58 44 0 28
58 44 0 28
58 44 0 28
58 44 0 28
58 44 0 28
58 44 0 28
58 44 0 28
58 44 0 28
58 44 0 28
58 44 0 28
58 44 0 28
58 44 0 28
58 44 0 28
58 44 0 28
58 44 0 28
58 44 0 28
58 44 0 28
58 44 0 28
58 44 0 28
58 44 0 28
58 44 0 28
58 44 0 28
58 44 0 28
58 44 0 28
58 44 0 28
58 44 0 28
58 44 0 28
58 44 0 28
58 44 0 28
58 44 0 28
58 44 0 28
58 44 0 28
58 44 0 28
58 44 0 28
58 44 0 28
58 44 0 28
58 44 0 28
58 44 0 28
58 44 0 28
58 44 0 28
58 44 0 28
58 44 0 28
58 44 0 28
58 44 0 28
58 44 0 28
58 44 0 28
58 44 0 28
58 44 0 28
58 44 0 28
58 44 0 28
58 44 0 28
58 44 0 28
58 44 0 28
58 44 0 28
58 44 0 28
58 44 0 28
58 44 0 28
58 44 0 28
58 44 0 28
58 44 0 28
58 44 0 28
58 44 0 28
58 44 0 28
58 44 0 28
58 44 0 28
58 44 0 28
58 44 0 28
58 44 0 28
58 44 0 28
58 44 0 28
58 44 0 28
58 44 0 28
58 44 0 28
58 44 0 28
58 44 0 28
58 44 0 28
58 44 0 28
58 44 0 28
58 44 0 28
58 44 0 28
58 44 0 28
58 44 0 28
58 44 0 28
58 44 0 28
58 44 0 28
58 44 0 28
58 44 0 28
58 44 0 28
58 44 0 28
58 44 0 28
58 44 0 28
58 44 0 28
58 44 0 28
58 44 0 28
58 44 0 28
58 44 0 28
58 44 0 28
58 44 0 28
58 44 0 28
58 44 0 28
58 44 0 28
58 44 0 28
58 44 0 28
58 44 0 28
58 44 0 28
58 44 0 28
58 44 0 28
58 44 0 28
58 44 0 28
58 44 0 28
58 44 0 28
58 44 0 28
58 44 0 28
58 44 0 28
58 44 0 28
58 44 0 28
58 44 0 28
58 44 0 28
58 44 0 28
58 44 0 28
58 44 0 28
58 44 0 28
58 44 0 28
58 44 0 28
58 44 0 28
58 44 0 28
58 44 0 28
58 44 0 28
58 44 0 28
58 44 0 28
58 44 0 28
58 44 0 28
58 44 0 28
58 44 0 28
58 44 0 28
58 44 0 28
58 44 0 28
58 44 0 28
58 44 0 28
58 43 -100 30
58 43 0 30
58 43 0 30
58 43 0 30
58 43 0 30
58 43 0 30
58 43 0 30
58 43 0 30
58 43 0 30
58 43 0 30
58 43 0 30
58 43 0 30
58 43 0 30
58 43 0 30
58 43 0 30
58 43 0 30
58 43 0 30
58 43 0 30
58 43 0 30
58 43 0 30
58 43 0 30
58 43 0 30
58 43 0 30
58 43 0 30
58 43 0 30
58 43 0 30
58 43 0 30
58 43 0 30
58 43 0 30
58 43 0 30
58 43 0 30
58 43 0 30
58 43 0 30
58 43 0 30
58 43 0 30
58 43 0 30
58 43 0 30
58 43 0 30
58 43 0 30
58 43 0 30
58 43 0 30
58 43 0 30
58 43 0 30
58 43 0 30
58 43 0 30
58 43 0 30
58 43 0 30
58 43 0 30
58 43 0 30
58 43 0 30
58 43 0 30
58 43 0 30
58 43 0 30
58 43 0 30
58 43 0 30
58 43 0 30
58 43 0 30
58 43 0 30
58 43 0 30
