Default: 0 Min: -127 Max: 127 KP : -1.00 KD: 0.00
NOW MOVING
[LIFT 1] 0 1282 0 -127
[LIFT 2] 3270 20 0 -127
[LIFT 1] 0 1282 0 -127
[LIFT 2] 3270 20 0 -127
[LIFT 1] 0 1282 0 -127
[LIFT 2] 3270 20 0 -127
[LIFT 1] 0 1282 0 -127
[LIFT 2] 3270 20 0 -127
[LIFT 1] 0 1282 0 -127
[LIFT 2] 3270 20 0 -127
[LIFT 1] 0 1282 0 -127
[LIFT 2] 3270 20 0 -127
[LIFT 1] 0 1282 0 -127
[LIFT 2] 3270 20 0 -127
[LIFT 1] 0 1282 0 -127
[LIFT 2] 3270 20 0 -127
[LIFT 1] 0 1282 0 -127
[LIFT 2] 3270 20 0 -127
[LIFT 1] 0 1282 0 -127
[LIFT 2] 3270 20 0 -127
[LIFT 1] 0 1282 0 -127
[LIFT 2] 3270 20 0 -127
[LIFT 1] 0 1282 0 -127
[LIFT 2] 3270 30 1000 -127
[LIFT 1] 0 1282 0 -127
[LIFT 2] 3270 30 0 -127
[LIFT 1] 0 1282 0 -127
[LIFT 2] 3270 30 0 -127
[LIFT 1] 0 1282 0 -127
[LIFT 2] 3270 40 1000 -127
[LIFT 1] 0 1282 0 -127
[LIFT 2] 3270 50 1000 -127
[LIFT 1] 0 1282 0 -127
[LIFT 2] 3270 60 1000 -127
[LIFT 1] 0 1282 0 -127
[LIFT 2] 3270 70 1000 -127
[LIFT 1] 0 1282 0 -127
[LIFT 2] 3270 80 1000 -127
[LIFT 1] 0 1282 0 -127
[LIFT 2] 3270 90 1000 -127
[LIFT 1] 0 1282 0 -127
[LIFT 2] 3270 110 2000 -127
[LIFT 1] 0 1282 0 -127
[LIFT 2] 3270 130 2000 -127
[LIFT 1] 0 1282 0 -127
[LIFT 2] 3270 140 1000 -127
[LIFT 1] 0 1282 0 -127
[LIFT 2] 3270 160 2000 -127
[LIFT 1] 0 1282 0 -127
[LIFT 2] 3270 170 1000 -127
[LIFT 1] 0 1282 0 -127
[LIFT 2] 3270 190 2000 -127
[LIFT 1] 0 1282 0 -127
[LIFT 2] 3270 210 2000 -127
[LIFT 1] 0 1282 0 -127
[LIFT 2] 3270 230 2000 -127
[LIFT 1] 0 1282 0 -127
[LIFT 2] 3270 250 2000 -127
[LIFT 1] 0 1282 0 -127
[LIFT 2] 3270 270 2000 -127
[LIFT 1] 0 1282 0 -127
[LIFT 2] 3270 280 1000 -127
[LIFT 1] 0 1282 0 -127
[LIFT 2] 3270 300 2000 -127
[LIFT 1] 0 1282 0 -127
[LIFT 2] 3270 320 2000 -127
[LIFT 1] 0 1283 100 -127
[LIFT 2] 3270 330 1000 -127
[LIFT 1] 0 1283 0 -127
[LIFT 2] 3270 350 2000 -127
[LIFT 1] 0 1283 0 -127
[LIFT 2] 3270 370 2000 -127
[LIFT 1] 0 1283 0 -127
[LIFT 2] 3270 390 2000 -127
[LIFT 1] 0 1283 0 -127
[LIFT 2] 3270 400 1000 -127
[LIFT 1] 0 1283 0 -127
[LIFT 2] 3270 410 1000 -127
[LIFT 1] 0 1283 0 -127
[LIFT 2] 3270 430 2000 -127
[LIFT 1] 0 1283 0 -127
[LIFT 2] 3270 440 1000 -127
[LIFT 1] 0 1283 0 -127
[LIFT 2] 3270 450 1000 -127
[LIFT 1] 0 1283 0 -127
[LIFT 2] 3270 470 2000 -127
[LIFT 1] 0 1283 0 -127
[LIFT 2] 3270 480 1000 -127
[LIFT 1] 0 1283 0 -127
[LIFT 2] 3270 490 1000 -127
[LIFT 1] 0 1283 0 -127
[LIFT 2] 3270 510 2000 -127
[LIFT 1] 0 1283 0 -127
[LIFT 2] 3270 510 0 -127
[LIFT 1] 0 1283 0 -127
[LIFT 2] 3270 530 2000 -127
[LIFT 1] 0 1283 0 -127
[LIFT 2] 3270 540 1000 -127
[LIFT 1] 0 1283 0 -127
[LIFT 2] 3270 550 1000 -127
[LIFT 1] 0 1283 0 -127
[LIFT 2] 3270 560 1000 -127
[LIFT 1] FT 1] 0 1283 0 -127
[LIFT 2] 3270 590 0 -127
[LIFT 1] 0 1283 0 -127
[LIFT 2] 3270 610 2000 -127
[LIFT 1] 0 1283 0 -127
[LIFT 2] 3270 620 1000 -127
[LIFT 1] 0 1283 0 -127
[LIFT 2] 3270 630 1000 -1273 0 -127
[LIFT 2] 3270 690 1000 -127
[LIFT 1] 0 1283 0 -127
[LIFT 2] 3270 700 1000 -127
[LIFT 1] 0 1283 0 -127
[LIFT 2] 3270 710 1000 -127
[LIFT 1] 0 1283 0 -127
[LIFT 2] 3270 720 1000 -127
[LIFT 1
[LIFT 2] 3270 790 2000 -127
[LIFT 1] 0 1283 0 -127
[LIFT 2] 3270 790 0 -127
[LIFT 1] 0 1283 0 -127
[LIFT 2] 3270 810 2000 -127
[LIFT 1] 0 1283 0 -127
[LIFT 2] 3270 820 1000 -127
[LIFT 1] 0 1283 0 890 2000 -127
[LIFT 1] 0 1283 0 -127
[LIFT 2] 3270 900 1000 -127
[LIFT 1] 0 1283 0 -127
[LIFT 2] 3270 910 1000 -127
[LIFT 1] 0 1283 0 -127
[LIFT 2] 3270 920 1000 -127
[LIFT 1] 0 1283 0 -127
[LIFT 2 -127
[LIFT 1] 0 1283 0 -127
[LIFT 2] 3270 990 2000 -127
[LIFT 1] 0 1283 0 -127
[LIFT 2] 3270 990 0 -127
[LIFT 1] 0 1283 0 -127
[LIFT 2] 3270 1000 1000 -127
[LIFT 1] 0 1283 0 -127
[LIFT 2] 3270 101 0 1283 0 -127
[LIFT 2] 3270 1080 1000 -127
[LIFT 1] 0 1283 0 -127
[LIFT 2] 3270 1090 1000 -127
[LIFT 1] 0 1283 0 -127
[LIFT 2] 3270 1110 2000 -127
[LIFT 1] 0 1283 0 -127
[LIFT 2] 3270 1120 1000 -1 1190 2000 -127
[LIFT 1] 0 1283 0 -127
[LIFT 2] 3270 1190 0 -127
[LIFT 1] 0 1283 0 -127
[LIFT 2] 3270 1210 2000 -127
[LIFT 1] 0 1283 0 -127
[LIFT 2] 3270 1230 2000 -127
[LIFT 1] 0 1283 0 -127
[LIFT127
[LIFT 2] 3270 1310 1000 -127
[LIFT 1] 0 1283 0 -127
[LIFT 2] 3270 1330 2000 -127
[LIFT 1] 0 1283 0 -127
[LIFT 2] 3270 1350 2000 -127
[LIFT 1] 0 1283 0 -127
[LIFT 2] 3270 1360 1000 -127
[LIFT 1]0 -127
[LIFT 2] 3270 1460 2000 -127
[LIFT 1] 0 1283 0 -127
[LIFT 2] 3270 1470 1000 -127
[LIFT 1] 0 1283 0 -127
[LIFT 2] 3270 1490 2000 -127
[LIFT 1] 0 1283 0 -127
[LIFT 2] 3270 1510 2000 -127
[LIFT 1] 0 1283 0 -127
[LIFT 2] 3270 1520 1000 -127
[LIFT 1] 0 1283 0 -127
[LIFT 2] 3270 1540 2000 -127
[LIFT 1] 0 1283 0 -127
[LIFT 2] 3270 1560 2000 -127
[LIFT 1] 0 1283 0 -127
[LIFT 2] 3270 1580 2000 -127
[LIFT 1] 0 1283 0 -127
[LIFT 2] 3270 1600 2000 -127
[LIFT 1] 0 1283 0 -127
[LIFT 2] 3270 1610 1000 -127
[LIFT 1] 0 1283 0 -127
[LIFT 2] 3270 1630 2000 -127
[LIFT 1] 0 1283 0 -127
[LIFT 2] 3270 1650 2000 -127
[LIFT 1] 0 1283 0 -127
[LIFT 2] 3270 1670 2000 -127
[LIFT 1] 0 1283 0 -127
[LIFT 2] 3270 1690 2000 -127
[LIFT 1] 0 1283 0 -127
[LIFT 2] 3270 1710 2000 -127
[LIFT 1] 0 1283 0 -127
[LIFT 2] 3270 1730 2000 -127
[LIFT 1] 0 1283 0 -127
[LIFT 2] 3270 1750 2000 -127
[LIFT 1] 0 1283 0 -127
[LIFT 2] 3270 1770 2000 -127
[LIFT 1] 0 1283 0 -127
[LIFT 2] 3270 1790 2000 -127
[LIFT 1] 0 1283 0 -127
[LIFT 2] 3270 1810 2000 -127
[LIFT 1] 0 1283 0 -127
[LIFT 2] 3270 1830 2000 -127
[LIFT 1] 0 1283 0 -127
[LIFT 2] 3270 1860 3000 -127
[LIFT 1] 0 1283 0 -127
[LIFT 2] 3270 1880 2000 -127
[LIFT 1] 0 1283 0 -127
[LIFT 2] 3270 1910 3000 -127
[LIFT 1] 0 1283 0 -127
[LIFT 2] 3270 1930 2000 -127
[LIFT 1] 0 1283 0 -127
[LIFT 2] 3270 1950 2000 -127
[LIFT 1] 0 1283 0 -127
[LIFT 2] 3270 1970 2000 -127
[LIFT 1] 0 1283 0 -127
[LIFT 2] 3270 2000 3000 -127
[LIFT 1] 0 1283 0 -127
[LIFT 2] 3270 2030 3000 -127
[LIFT 1] 0 1283 0 -127
[LIFT 2] 3270 2050 2000 -127
[LIFT 1] 0 1283 0 -127
[LIFT 2] 3270 2070 2000 -127
[LIFT 1] 0 1283 0 -127
[LIFT 2] 3270 2110 4000 -127
[LIFT 1] 0 1283 0 -127
[LIFT 2] 3270 2130 2000 -127
[LIFT 1] 0 1283 0 -127
[LIFT 2] 3270 2160 3000 -127
[LIFT 1] 0 1283 0 -127
[LIFT 2] 3270 2190 3000 -127
[LIFT 1] 0 1283 0 -127
[LIFT 2] 3270 2220 3000 -127
[LIFT 1] 0 1283 0 -127
[LIFT 2] 3270 2250 3000 -127
[LIFT 1] 0 1283 0 -127
[LIFT 2] 3270 2270 2000 -127
[LIFT 1] 0 1283 0 -127
[LIFT 2] 3270 2310 4000 -127
[LIFT 1] 0 1283 0 -127
[LIFT 2] 3270 2340 3000 -127
[LIFT 1] 0 1283 0 -127
[LIFT 2] 3270 2370 3000 -127
[LIFT 1] 0 1283 0 -127
[LIFT 2] 3270 2390 2000 -127
[LIFT 1] 0 1283 0 -127
[LIFT 2] 3270 2430 4000 -127
[LIFT 1] 0 1283 0 -127
[LIFT 2] 3270 2450 2000 -127
[LIFT 1] 0 1283 0 -127
[LIFT 2] 3270 2490 4000 -127
[LIFT 1] 0 1283 0 -127
[LIFT 2] 3270 2510 2000 -127
[LIFT 1] 0 1282 -100 -127
[LIFT 2] 3270 2540 3000 -127
[LIFT 1] 0 1282 0 -127
[LIFT 2] 3270 2570 3000 -127
[LIFT 1] 0 1280 -200 -127
[LIFT 2] 3270 2600 3000 -127
[LIFT 1] 0 1280 0 -127
[LIFT 2] 3270 2630 3000 -127
[LIFT 1] 0 1278 -200 -127
[LIFT 2] 3270 2650 2000 -127
[LIFT 1] 0 1276 -200 -127
[LIFT 2] 3270 2680 3000 -127
[LIFT 1] 0 1272 -400 -127
[LIFT 2] 3270 2710 3000 -127
[LIFT 1] 0 1269 -300 -127
[LIFT 2] 3270 2730 2000 -127
[LIFT 1] 0 1265 -400 -127
[LIFT 2] 3270 2760 3000 -127
[LIFT 1] 0 1261 -400 -127
[LIFT 2] 3270 2790 3000 -127
[LIFT 1] 0 1256 -500 -127
[LIFT 2] 3270 2810 2000 -127
[LIFT 1] 0 1247 -900 -127
[LIFT 2] 3270 2840 3000 -127
[LIFT 1] 0 1237 -1000 -127
[LIFT 2] 3270 2870 3000 -127
[LIFT 1] 0 1225 -1200 -127
[LIFT 2] 3270 2890 2000 -127
[LIFT 1] 0 1214 -1100 -127
[LIFT 2] 3270 2920 3000 -127
[LIFT 1] 0 1203 -1100 -127
[LIFT 2] 3270 2950 3000 -127
[LIFT 1] 0 1188 -1500 -127
[LIFT 2] 3270 2970 2000 -127
[LIFT 1] 0 1173 -1500 -127
[LIFT 2] 3270 3000 3000 -127
[LIFT 1] 0 1162 -1100 -127
[LIFT 2] 3270 3030 3000 -127
[LIFT 1] 0 1147 -1500 -127
[LIFT 2] 3270 3040 1000 -127
[LIFT 1] 0 1135 -1200 -127
[LIFT 2] 3270 3050 1000 -127
[LIFT 1] 0 1124 -1100 -127
[LIFT 2] 3270 3050 0 -127
[LIFT 1] 0 1111 -1300 -127
[LIFT 2] 3270 3050 0 -127
[LIFT 1] 0 1103 -800 -127
[LIFT 2] 3270 3050 0 -127
[LIFT 1] 0 1094 -900 -127
[LIFT 2] 3270 3050 0 -127
[LIFT 1] 0 1089 -500 -127
[LIFT 2] 3270 3050 0 -127
[LIFT 1] 0 1085 -400 -127
[LIFT 2] 3270 3050 0 -127
[LIFT 1] 0 1087 200 -127
[LIFT 2] 3270 3050 0 -127
[LIFT 1] 0 1087 0 -127
[LIFT 2] 3270 3050 0 -127
[LIFT 1] 0 1089 200 -127
[LIFT 2] 3270 3050 0 -127
[LIFT 1] 0 1092 300 -127
[LIFT 2] 3270 3060 1000 -127
[LIFT 1] 0 1094 200 -127
[LIFT 2] 3270 3060 0 -127
