[LIFT 1] 0 0 0 0
[LIFT 2] 3170 0 0 -127
[LIFT 1] 0 0 0 0
[LIFT 2] 3170 0 0 -127
[LIFT 1] 0 0 0 0
[LIFT 2] 3170 0 0 -127
[LIFT 1] 0 0 0 0
[LIFT 2] 3170 0 0 -127
[LIFT 1] 0 0 0 0
[LIFT 2] 3170 0 0 -127
[LIFT 1] 0 0 0 0
[LIFT 2] 3170 0 0 -127
[LIFT 1] 0 0 0 0
[LIFT 2] 3170 0 0 -127
[LIFT 1] 0 0 0 0
[LIFT 2] 3170 0 0 -127
[LIFT 1] 0 0 0 0
[LIFT 2] 3170 0 0 -127
[LIFT 1] 0 0 0 0
[LIFT 2] 3170 0 0 -127
[LIFT 1] 0 0 0 0
[LIFT 2] 3170 0 0 -127
[LIFT 1] 0 0 0 0
[LIFT 2] 3170 0 0 -127
[LIFT 1] 0 0 0 0
[LIFT 2] 3170 10 1000 -127
[LIFT 1] 0 0 0 0
[LIFT 2] 3170 10 0 -127
[LIFT 1] 0 0 0 0
[LIFT 2] 3170 20 1000 -127
[LIFT 1] 0 0 0 0
[LIFT 2] 3170 30 1000 -127
[LIFT 1] 0 0 0 0
[LIFT 2] 3170 40 1000 -127
[LIFT 1] 0 0 0 0
[LIFT 2] 3170 50 1000 -127
[LIFT 1] 0 0 0 0
[LIFT 2] 3170 60 1000 -127
[LIFT 1] 0 0 0 0
[LIFT 2] 3170 70 1000 -127
[LIFT 1] 0 0 0 0
[LIFT 2] 3170 80 1000 -127
[LIFT 1] 0 0 0 0
[LIFT 2] 3170 90 1000 -127
[LIFT 1] 0 0 0 0
[LIFT 2] 3170 100 1000 -127
[LIFT 1] 0 0 0 0
[LIFT 2] 3170 110 1000 -127
[LIFT 1] 0 0 0 0
[LIFT 2] 3170 120 1000 -127
[LIFT 1] 0 0 0 0
[LIFT 2] 3170 130 1000 -127
[LIFT 1] 0 0 0 0
[LIFT 2] 3170 140 1000 -127
[LIFT 1] 0 0 0 0
[LIFT 2] 3170 150 1000 -127
[LIFT 1] 0 0 0 0
[LIFT 2] 3170 150 0 -127
[LIFT 1] 0 0 0 0
[LIFT 2] 3170 170 2000 -127
[LIFT 1] 0 0 0 0
[LIFT 2] 3170 170 0 -127
[LIFT 1] 0 0 0 0
[LIFT 2] 3170 190 2000 -127
[LIFT 1] 0 0 0 0
[LIFT 2] 3170 190 0 -127
[LIFT 1] 0 0 0 0
[LIFT 2] 3170 200 1000 -127
[LIFT 1] 0 0 0 0
[LIFT 2] 3170 210 1000 -127
[LIFT 1] 0 0 0 0
[LIFT 2] 3170 220 1000 -127
[LIFT 1] 0 0 0 0
[LIFT 2] 3170 230 1000 -127
[LIFT 1] 0 0 0 0
[LIFT 2] 3170 230 0 -127
[LIFT 1] 0 0 0 0
[LIFT 2] 3170 240 1000 -127
[LIFT 1] 0 0 0 0
[LIFT 2] 3170 250 1000 -127
[LIFT 1] 0 0 0 0
[LIFT 2] 3170 260 1000 -127
[LIFT 1] 0 0 0 0
[LIFT 2] 3170 270 1000 -127
[LIFT 1] 0 0 0 0
[LIFT 2] 3170 270 0 -127
[LIFT 1] 0 0 0 0
[LIFT 2] 3170 290 2000 -127
[LIFT 1] 0 0 0 0
[LIFT 2] 3170 290 0 -127
[LIFT 1] 0 0 0 0
[LIFT 2] 3170 310 2000 -127
[LIFT 1] 0 0 0 0
[LIFT 2] 3170 310 0 -127
[LIFT 1] 0 0 0 0
[LIFT 2] 3170 320 1000 -127
[LIFT 1] 0 0 0 0
[LIFT 2] 3170 330 1000 -127
[LIFT 1] 0 0 0 0
[LIFT 2] 3170 340 1000 -127
[LIFT 1] 0 0 0 0
[LIFT 2] 3170 350 1000 -127
[LIFT 1] 0 0 0 0
[LIFT 2] 3170 360 1000 -127
[LIFT 1] 0 0 0 0
[LIFT 2] 3170 370 1000 -127
[LIFT 1] 0 0 0 0
[LIFT 2] 3170 390 2000 -127
[LIFT 1] 0 0 0 0
[LIFT 2] 3170 390 0 -127
[LIFT 1] 0 0 0 0
[LIFT 2] 3170 400 1000 -127
[LIFT 1] 0 0 0 0
[LIFT 2] 3170 410 1000 -127
[LIFT 1] 0 0 0 0
[LIFT 2] 3170 430 2000 -127
[LIFT 1] 0 0 0 0
[LIFT 2] 3170 430 0 -127
[LIFT 1] 0 0 0 0
[LIFT 2] 3170 440 1000 -127
[LIFT 1] 0 0 0 0
[LIFT 2] 3170 450 1000 -127
[LIFT 1] 0 0 0 0
[LIFT 2] 3170 460 1000 -127
[LIFT 1] 0 0 0 0
[LIFT 2] 3170 470 1000 -127
[LIFT 1] 0 0 0 0
[LIFT 2] 3170 470 0 -127
[LIFT 1] 0 0 0 0
[LIFT 2] 3170 480 1000 -127
[LIFT 1] 0 0 0 0
[LIFT 2] 3170 490 1000 -127
[LIFT 1] 0 0 0 0
[LIFT 2] 3170 500 1000 -127
[LIFT 1] 0 0 0 0
[LIFT 2] 3170 50 -127
[LIFT 1] 0 0 0 0
[LIFT 2] 3170 520 1000 -127
[LIFT 1] 0 0 0 0
[LIFT 2] 3170 530 1000 -127
[LIFT 1] 0 0 0 0
[LIFT 2] 3170 530 0 -127
[LIFT 1] 0 0 0 0
[LIFT 2] 3170 550 2000 -127
[LIFT 1] 0 0  0 0 0 0
[LIFT 2] 3170 600 1000 -127
[LIFT 1] 0 0 0 0
[LIFT 2] 3170 610 1000 -127
[LIFT 1] 0 0 0 0
[LIFT 2] 3170 610 0 -127
[LIFT 1] 0 0 0 0
[LIFT 2] 3170 630 2000 -127
[LIFT 1] 0 0 0 0
[LIFT 2] 31 3170 660 1000 -127
[LIFT 1] 0 0 0 0
[LIFT 2] 3170 670 1000 -127
[LIFT 1] 0 0 0 0
[LIFT 2] 3170 670 0 -127
[LIFT 1] 0 0 0 0
[LIFT 2] 3170 680 1000 -127
[LIFT 1] 0 0 0 0
[LIFT 2] 3170 690 1000 -127
7
[LIFT 1] 0 0 0 0
[LIFT 2] 3170 730 1000 -127
[LIFT 1] 0 0 0 0
[LIFT 2] 3170 750 2000 -127
[LIFT 1] 0 0 0 0
[LIFT 2] 3170 750 0 -127
[LIFT 1] 0 0 0 0
[LIFT 2] 3170 760 1000 -127
[LIFT 1] 0 0 0 0
[0 0 0 0
[LIFT 2] 3170 810 1000 -127
[LIFT 1] 0 0 0 0
[LIFT 2] 3170 830 2000 -127
[LIFT 1] 0 0 0 0
[LIFT 2] 3170 830 0 -127
[LIFT 1] 0 0 0 0
[LIFT 2] 3170 840 1000 -127
[LIFT 1] 0 0 0 0
[LIFT 2] 317FT 2] 3170 890 2000 -127
[LIFT 1] 0 0 0 0
[LIFT 2] 3170 890 0 -127
[LIFT 1] 0 0 0 0
[LIFT 2] 3170 910 2000 -127
[LIFT 1] 0 0 0 0
[LIFT 2] 3170 910 0 -127
[LIFT 1] 0 0 0 0
[LIFT 2] 3170 920 1000 -1260 1000 -127
[LIFT 1] 0 0 0 0
[LIFT 2] 3170 1070 1000 -127
[LIFT 1] 0 0 0 0
[LIFT 2] 3170 1090 2000 -127
[LIFT 1] 0 0 0 0
[LIFT 2] 3170 1100 1000 -127
[LIFT 1] 0 0 0 0
[LIFT 2] 3170 1110 1000 -127
170 1190 1000 -127
[LIFT 1] 0 0 0 0
[LIFT 2] 3170 1210 2000 -127
[LIFT 1] 0 0 0 0
[LIFT 2] 3170 1230 2000 -127
[LIFT 1] 0 0 0 0
[LIFT 2] 3170 1240 1000 -127
[LIFT 1] 0 0 0 0
[LIFT 2] 3170 1250 10001000 -127
[LIFT 1] 0 0 0 0
[LIFT 2] 3170 1350 3000 -127
[LIFT 1] 0 0 0 0
[LIFT 2] 3170 1360 1000 -127
[LIFT 1] 0 0 0 0
[LIFT 2] 3170 1380 2000 -127
[LIFT 1] 0 0 0 0
[LIFT 2] 3170 1400 2000 -127
[LILIFT 2] 3170 1510 2000 -127
[LIFT 1] 0 0 0 0
[LIFT 2] 3170 1530 2000 -127
[LIFT 1] 0 0 0 0
[LIFT 2] 3170 1550 2000 -127
[LIFT 1] 0 0 0 0
[LIFT 2] 3170 1570 2000 -127
[LIFT 1] 0 0 0 0
[LIFT 2] 3170 1] 0 0 0 0
[LIFT 2] 3170 1850 2000 -127
[LIFT 1] 0 0 0 0
[LIFT 2] 3170 1870 2000 -127
[LIFT 1] 0 0 0 0
[LIFT 2] 3170 1910 4000 -127
[LIFT 1] 0 0 0 0
[LIFT 2] 3170 1930 2000 -127
[LIFT 1] 0 0 0 0
[L0
[LIFT 2] 3170 2070 2000 -127
[LIFT 1] 0 0 0 0
[LIFT 2] 3170 2110 4000 -127
[LIFT 1] 0 0 0 0
[LIFT 2] 3170 2130 2000 -127
[LIFT 1] 0 0 0 0
[LIFT 2] 3170 2160 3000 -127
[LIFT 1] 0 0 0 0
[LIFT 2] 310 0
[LIFT 2] 3170 2280 1000 -127
[LIFT 1] 0 0 0 0
[LIFT 2] 3170 2300 2000 -127
[LIFT 1] 0 0 0 0
[LIFT 2] 3170 2310 1000 -127
[LIFT 1] 0 0 0 0
[LIFT 2] 3170 2320 1000 -127
[LIFT 1] 0 0 0 0
[LIFT 2] T 1] 0 0 0 0
[LIFT 2] 3170 2390 2000 -127
[LIFT 1] 0 0 0 0
[LIFT 2] 3170 2430 4000 -127
[LIFT 1] 0 0 0 0
[LIFT 2] 3170 2470 4000 -127
[LIFT 1] 0 0 0 0
[LIFT 2] 3170 2510 4000 -127
[LIFT 1] 0 0 0 0
T 1] 0 -9 -200 6
[LIFT 2] 3170 2880 1000 -127
[LIFT 1] 0 -9 0 4
[LIFT 2] 3170 2900 2000 -127
[LIFT 1] 0 -12 -300 8
[LIFT 2] 3170 2920 2000 -127
[LIFT 1] 0 -14 -200 8
[LIFT 2] 3170 2950 3000 -127
[L0 17
[LIFT 2] 3170 3070 3000 -100
[LIFT 1] 0 -36 -500 21
[LIFT 2] 3170 3110 4000 -60
[LIFT 1] 0 -38 -200 19
[LIFT 2] 3170 3130 2000 -40
[LIFT 1] 0 -42 -400 22
[LIFT 2] 3170 3150 2000 -20
[LIFT 1] 0 -42 0 18
[LIFT 2] 3170 3170 2000 0
[LIFT 1] 0 -42 0 18
[LIFT 2] 3170 3190 2000 20
[LIFT 1] 0 -40 200 16
[LIFT 2] 3170 3200 1000 30
[LIFT 1] 0 -36 400 12
[LIFT 2] 3170 3210 1000 40
[LIFT 1] 0 -33 300 11
[LIFT 2] 3170 3230 2000 60
[LIFT 1] 0 -27 600 6
[LIFT 2] 3170 3230 0 60
[LIFT 1] 0 -22 500 4
[LIFT 2] 3170 3240 1000 70
[LIFT 1] 0 -14 800 -1
[LIFT 2] 3170 3250 1000 80
[LIFT 1] 0 -7 700 -3
[LIFT 2] 3170 3260 1000 90
[LIFT 1] 0 0 700 -7
[LIFT 2] 3170 3260 0 90
[LIFT 1] 0 7 700 -10
[LIFT 2] 3170 3260 0 90
[LIFT 1] 0 14 700 -13
[LIFT 2] 3170 3260 0 90
[LIFT 1] 0 23 900 -19
[LIFT 2] 3170 3250 -1000 80
[LIFT 1] 0 31 800 -21
[LIFT 2] 3170 3250 0 80
[LIFT 1] 0 42 1100 -29
[LIFT 2] 3170 3230 -2000 60
[LIFT 1] 0 47 500 -26
[LIFT 2] 3170 3220 -1000 50
[LIFT 1] 0 55 800 -32
[LIFT 2] 3170 3210 -1000 40
[LIFT 1] 0 60 500 -32
[LIFT 2] 3170 3190 -2000 20
[LIFT 1] 0 67 700 -37
[LIFT 2] 3170 3180 -1000 10
[LIFT 1] 0 71 400 -35
[LIFT 2] 3170 3170 -1000 0
[LIFT 1] 0 73 200 -34
[LIFT 2] 3170 3150 -2000 -20
[LIFT 1] 0 75 200 -35
[LIFT 2] 3170 3150 0 -20
[LIFT 1] 0 77 200 -36
[LIFT 2] 3170 3130 -2000 -40
[LIFT 1] 0 78 100 -36
[LIFT 2] 3170 3120 -1000 -50
[LIFT 1] 0 78 0 -35
[LIFT 2] 3170 3110 -1000 -60
[LIFT 1] 0 78 0 -35
[LIFT 2] 3170 3100 -1000 -70
[LIFT 1] 0 78 0 -35
[LIFT 2] 3170 3090 -1000 -80
[LIFT 1] 0 78 0 -35
[LIFT 2] 3170 3080 -1000 -90
[LIFT 1] 0 78 0 -35
[LIFT 2] 3170 3070 -1000 -100
[LIFT 1] 0 78 0 -35
[LIFT 2] 3170 3070 0 -100
[LIFT 1] 0 78 0 -35
[LIFT 2] 3170 3070 0 -100
[LIFT 1] 0 78 0 -35
[LIFT 2] 3170 3070 0 -100
[LIFT 1] 0 78 0 -35
[LIFT 2] 3170 3070 0 -100
[LIFT 1] 0 78 0 -35
[LIFT 2] 3170 3080 1000 -90
[LIFT 1] 0 78 0 -35
[LIFT 2] 3170 3090 909 -80
[LIFT 1] 0 78 0 -35
[LIFT 2] 3170 3110 2000 -60
[LIFT 1] 0 78 0 -35
[LIFT 2] 3170 3110 0 -60
[LIFT 1] 0 78 0 -35
[LIFT 2] 3170 3120 1000 -50
[LIFT 1] 0 78 0 -35
[LIFT 2] 3170 3130 1000 -40
[LIFT 1] 0 78 0 -35
[LIFT 2] 3170 3150 2000 -20
[LIFT 1] 0 78 0 -35
[LIFT 2] 3170 3150 0 -20
[LIFT 1] 0 78 0 -35
[LIFT 2] 3170 3160 1000 -10
[LIFT 1] 0 78 0 -35
[LIFT 2] 3170 3170 1000 0
[LIFT 1] 0 78 0 -35
[LIFT 2] 3170 3180 1000 10
[LIFT 1] 0 78 0 -35
[LIFT 2] 3170 3190 1000 20
[LIFT 1] 0 78 0 -35
[LIFT 2] 3170 3190 0 20
[LIFT 1] 0 78 0 -35
[LIFT 2] 3170 3190 0 20
[LIFT 1] 0 78 0 -35
[LIFT 2] 3170 3200 1000 30
[LIFT 1] 0 78 0 -35
[LIFT 2] 3170 3210 1000 40
[LIFT 1] 0 78 0 -35
[LIFT 2] 3170 3210 0 40
[LIFT 1] 0 78 0 -35
[LIFT 2] 3170 3210 0 40
[LIFT 1] 0 78 0 -35
[LIFT 2] 3170 3220 1000 50
[LIFT 1] 0 78 0 -35
[LIFT 2] 3170 3220 0 50
[LIFT 1] 0 78 0 -35
[LIFT 2] 3170 3220 0 50
[LIFT 1] 0 78 0 -35
[LIFT 2] 3170 3220 0 50
[LIFT 1] 0 78 0 -35
[LIFT 2] 3170 3220 0 50
[LIFT 1] 0 78 0 -35
[LIFT 2] 3170 3220 0 50
[LIFT 1] 0 78 0 -35
[LIFT 2] 3170 3220 0 50
[LIFT 1] 0 78 0 -35
[LIFT 2] 3170 3220 0 50
[LIFT 1] 0 78 0 -35
[LIFT 2] 3170 3220 0 50
[LIFT 1] 0 78 0 -35
[LIFT 2] 3170 3210 -1000 40
[LIFT 1] 0 78 0 -35
[LIFT 2] 3170 3200 -1000 30
[LIFT 1] 0 78 0 -35
[LIFT 2] 3170 3190 -1000 20
[LIFT 1] 0 78 0 -35
[LIFT 2] 3170 3180 -1000 10
[LIFT 1] 0 78 0 -35
[LIFT 2] 3170 3170 -1000 0
[LIFT 1] 0 78 0 -35
[LIFT 2] 3170 3160 -1000 -10
[LIFT 1] 0 78 0 -35
[LIFT 2] 3170 3150 -1000 -20
[LIFT 1] 0 78 0 -35
[LIFT 2] 3170 3150 0 -20
[LIFT 1] 0 78 0 -35
[LIFT 2] 3170 3150 0 -20
[LIFT 1] 0 78 0 -35
[LIFT 2] 3170 3140 -1000 -30
[LIFT 1] 0 78 0 -35
[LIFT 2] 3170 3130 -1000 -40
[LIFT 1] 0 78 0 -35
[LIFT 2] 3170 3130 0 -40
[LIFT 1] 0 77 -100 -33
[LIFT 2] 3170 3130 0 -40
[LIFT 1] 0 77 0 -34
[LIFT 2] 3170 3130 0 -40
[LIFT 1] 0 77 0 -34
[LIFT 2] 3170 3130 0 -40
[LIFT 1] 0 75 -200 -31
[LIFT 2] 3170 3130 0 -40
[LIFT 1] 0 75 0 -33
[LIFT 2] 3170 3130 0 -40
[LIFT 1] 0 75 0 -33
[LIFT 2] 3170 3130 0 -40
[LIFT 1] 0 75 0 -33
[LIFT 2] 3170 3140 1000 -30
[LIFT 1] 0 75 0 -33
[LIFT 2] 3170 3150 1000 -20
[LIFT 1] 0 75 0 -33
[LIFT 2] 3170 3150 0 -20
