Default: 0 Min: -127 Max: 127 KP : -1.00 KD: -0.02
NOW MOVING
[LIFT 1] 0 0 0 0
[LIFT 2] 3170 0 0 -127
[LIFT 1] 0 0 0 0
[LIFT 2] 3170 0 0 -127
[LIFT 1] 0 0 0 0
[LIFT 2] 3170 0 0 -127
[LIFT 1] 0 0 0 0
[LIFT 2] 3170 0 0 -127
[LIFT 1] 0 0 0 0
[LIFT 2] 3170 0 0 -127
[LIFT 1] 0 0 0 0
[LIFT 2] 3170 0 0 -127
[LIFT 1] 0 0 0 0
[LIFT 2] 3170 0 0 -127
[LIFT 1] 0 0 0 0
[LIFT 2] 3170 0 0 -127
[LIFT 1] 0 0 0 0
[LIFT 2] 3170 0 0 -127
[LIFT 1] 0 0 0 0
[LIFT 2] 3170 0 0 -127
[LIFT 1] 0 0 0 0
[LIFT 2] 3170 0 0 -127
[LIFT 1] 0 0 0 0
[LIFT 2] 3170 10 1000 -127
[LIFT 1] 0 0 0 0
[LIFT 2] 3170 20 1000 -127
[LIFT 1] 0 0 0 0
[LIFT 2] 3170 30 1000 -127
[LIFT 1] 0 0 0 0
[LIFT 2] 3170 30 0 -127
[LIFT 1] 0 0 0 0
[LIFT 2] 3170 40 1000 -127
[LIFT 1] 0 0 0 0
[LIFT 2] 3170 50 1000 -127
[LIFT 1] 0 0 0 0
[LIFT 2] 3170 60 1000 -127
[LIFT 1] 0 0 0 0
[LIFT 2] 3170 70 1000 -127
[LIFT 1] 0 0 0 0
[LIFT 2] 3170 80 1000 -127
[LIFT 1] 0 0 0 0
[LIFT 2] 3170 90 1000 -127
[LIFT 1] 0 0 0 0
[LIFT 2] 3170 90 0 -127
[LIFT 1] 0 0 0 0
[LIFT 2] 3170 110 2000 -127
[LIFT 1] 0 0 0 0
[LIFT 2] 3170 110 0 -127
[LIFT 1] 0 0 0 0
[LIFT 2] 3170 120 1000 -127
[LIFT 1] 0 0 0 0
[LIFT 2] 3170 130 1000 -127
[LIFT 1] 0 0 0 0
[LIFT 2] 3170 140 1000 -127
[LIFT 1] 0 0 0 0
[LIFT 2] 3170 150 1000 -127
[LIFT 1] 0 0 0 0
[LIFT 2] 3170 160 1000 -127
[LIFT 1] 0 0 0 0
[LIFT 2] 3170 170 1000 -127
[LIFT 1] 0 0 0 0
[LIFT 2] 3170 180 1000 -127
[LIFT 1] 0 0 0 0
[LIFT 2] 3170 190 1000 -127
[LIFT 1] 0 0 0 0
[LIFT 2] 3170 200 1000 -127
[LIFT 1] 0 0 0 0
[LIFT 2] 3170 210 1000 -127
[LIFT 1] 0 0 0 0
[LIFT 2] 3170 230 2000 -127
[LIFT 1] 0 0 0 0
[LIFT 2] 3170 230 0 -127
[LIFT 1] 0 0 0 0
[LIFT 2] 3170 240 1000 -127
[LIFT 1] 0 0 0 0
[LIFT 2] 3170 250 1000 -127
[LIFT 1] 0 0 0 0
[LIFT 2] 3170 260 1000 -127
[LIFT 1] 0 0 0 0
[LIFT 2] 3170 270 1000 -127
[LIFT 1] 0 0 0 0
[LIFT 2] 3170 280 1000 -127
[LIFT 1] 0 0 0 0
[LIFT 2] 3170 290 1000 -127
[LIFT 1] 0 0 0 0
[LIFT 2] 3170 300 1000 -127
[LIFT 1] 0 0 0 0
[LIFT 2] 3170 310 1000 -127
[LIFT 1] 0 0 0 0
[LIFT 2] 3170 320 1000 -127
[LIFT 1] 0 0 0 0
[LIFT 2] 3170 330 1000 -127
[LIFT 1] 0 0 0 0
[LIFT 2] 3170 340 1000 -127
[LIFT 1] 0 0 0 0
[LIFT 2] 3170 350 1000 -127
[LIFT 1] 0 0 0 0
[LIFT 2] 3170 350 0 -127
[LIFT 1] 0 0 0 0
[LIFT 2] 3170 370 2000 -127
[LIFT 1] 0 0 0 0
[LIFT 2] 3170 380 1000 -127
[LIFT 1] 0 0 0 0
[LIFT 2] 3170 390 1000 -127
[LIFT 1] 0 0 0 0
[LIFT 2] 3170 400 1000 -127
[LIFT 1] 0 0 0 0
[LIFT 2] 3170 410 1000 -127
[LIFT 1] 0 0 0 0
[LIFT 2] 3170 420 1000 -127
[LIFT 1] 0 1 100 -1
[LIFT 2] 3170 430 1000 -127
[LIFT 1] 0 1 0 0
[LIFT 2] 3170 440 1000 -127
[LIFT 1] 0 1 0 0
[LIFT 2] 3170 450 1000 -127
[LIFT 1] 0 1 0 0
[0 0 -127
[LIFT 1] 0 1 0 0
[LIFT 2] 3170 480 1000 -127
[LIFT 1] 0 1 0 0
[LIFT 2] 3170 490 1000 -127
[LIFT 1] 0 1 0 0
[LIFT 2] 3170 500 1000 -127
[LIFT 1] 0 1 0 0
[LIFT 2] 3170 510 1000 -127
[LIFT 1]IFT 1] 0 1 0 0
[LIFT 2] 3170 550 0 -127
[LIFT 1] 0 1 0 0
[LIFT 2] 3170 560 1000 -127
[LIFT 1] 0 1 0 0
[LIFT 2] 3170 570 1000 -127
[LIFT 1] 0 1 0 0
[LIFT 2] 3170 570 0 -127
[LIFT 1] 0 1 0 0
[LIFT 2]IFT 2] 3170 620 1000 -127
[LIFT 1] 0 1 0 0
[LIFT 2] 3170 630 1000 -127
[LIFT 1] 0 1 0 0
[LIFT 2] 3170 640 1000 -127
[LIFT 1] 0 1 0 0
[LIFT 2] 3170 650 1000 -127
[LIFT 1] 0 1 0 0
[LIFT 2] 3170 650 0 1000 -127
[LIFT 1] 0 1 0 0
[LIFT 2] 3170 710 1000 -127
[LIFT 1] 0 1 0 0
[LIFT 2] 3170 710 0 -127
[LIFT 1] 0 1 0 0
[LIFT 2] 3170 720 1000 -127
[LIFT 1] 0 1 0 0
[LIFT 2] 3170 730 1000 -127
[LIFT 1] FT 1] 0 1 0 0
[LIFT 2] 3170 770 0 -127
[LIFT 1] 0 1 0 0
[LIFT 2] 3170 780 1000 -127
[LIFT 1] 0 1 0 0
[LIFT 2] 3170 790 1000 -127
[LIFT 1] 0 1 0 0
[LIFT 2] 3170 790 0 -127
[LIFT 1] 0 1 0 0
[LIFT 2] 2] 3170 850 0 -127
[LIFT 1] 0 1 0 0
[LIFT 2] 3170 870 2000 -127
[LIFT 1] 0 1 0 0
[LIFT 2] 3170 870 0 -127
[LIFT 1] 0 1 0 0
[LIFT 2] 3170 880 1000 -127
[LIFT 1] 0 1 0 0
[LIFT 2] 3170 890 1000 -127
[1000 -127
[LIFT 1] 0 1 0 0
[LIFT 2] 3170 950 1000 -127
[LIFT 1] 0 1 0 0
[LIFT 2] 3170 970 2000 -127
[LIFT 1] 0 1 0 0
[LIFT 2] 3170 980 1000 -127
[LIFT 1] 0 1 0 0
[LIFT 2] 3170 990 1000 -127
[LIFT 1 1040 1000 -127
[LIFT 1] 0 1 0 0
[LIFT 2] 3170 1050 1000 -127
[LIFT 1] 0 1 0 0
[LIFT 2] 3170 1070 1818 -127
[LIFT 1] 0 1 0 0
[LIFT 2] 3170 1080 1000 -127
[LIFT 1] 0 1 0 0
[LIFT 2] 3170 1090 1000 -1
[LIFT 1] 0 1 0 0
[LIFT 2] 3170 1190 2000 -127
[LIFT 1] 0 1 0 0
[LIFT 2] 3170 1200 1000 -127
[LIFT 1] 0 1 0 0
[LIFT 2] 3170 1210 1000 -127
[LIFT 1] 0 1 0 0
[LIFT 2] 3170 1230 2000 -127
[LIFT 1] 0 1-127
[LIFT 1] 0 1 0 0
[LIFT 2] 3170 1330 2000 -127
[LIFT 1] 0 1 0 0
[LIFT 2] 3170 1350 2000 -127
[LIFT 1] 0 1 0 0
[LIFT 2] 3170 1360 1000 -127
[LIFT 1] 0 1 0 0
[LIFT 2] 3170 1380 2000 -127
[LIFT 1] 0 0
[LIFT 2] 3170 1460 2000 -127
[LIFT 1] 0 1 0 0
[LIFT 2] 3170 1470 1000 -127
[LIFT 1] 0 1 0 0
[LIFT 2] 3170 1490 2000 -127
[LIFT 1] 0 1 0 0
[LIFT 2] 3170 1510 2000 -127
[LIFT 1] 0 1 0 0
[LIFT 2] 1 0 0
[LIFT 2] 3170 1670 2000 -127
[LIFT 1] 0 1 0 0
[LIFT 2] 3170 1700 3000 -127
[LIFT 1] 0 1 0 0
[LIFT 2] 3170 1720 2000 -127
[LIFT 1] 0 1 0 0
[LIFT 2] 3170 1750 3000 -127
[LIFT 1] 0 1 0 0
[LIFT 1 0 0
[LIFT 2] 3170 1930 3000 -127
[LIFT 1] 0 1 0 0
[LIFT 2] 3170 1950 2000 -127
[LIFT 1] 0 1 0 0
[LIFT 2] 3170 1990 4000 -127
[LIFT 1] 0 1 0 0
[LIFT 2] 3170 2010 2000 -127
[LIFT 1] 0 1 0 0
[LIFT 27
[LIFT 1] 0 1 0 0
[LIFT 2] 3170 2180 3000 -127
[LIFT 1] 0 1 0 0
[LIFT 2] 3170 2210 3000 -127
[LIFT 1] 0 1 0 0
[LIFT 2] 3170 2240 3000 -127
[LIFT 1] 0 1 0 0
[LIFT 2] 3170 2270 3000 -127
[LIFT 1] 0 7
[LIFT 1] 0 1 0 0
[LIFT 2] 3170 2430 3000 -127
[LIFT 1] 0 1 0 0
[LIFT 2] 3170 2450 2000 -127
[LIFT 1] 0 1 0 0
[LIFT 2] 3170 2480 3000 -127
[LIFT 1] 0 1 0 0
[LIFT 2] 3170 2510 3000 -127
[LIFT 1] 0 LIFT 1] 0 1 0 0
[LIFT 2] 3170 2710 0 -127
[LIFT 1] 0 1 0 0
[LIFT 2] 3170 2720 1000 -127
[LIFT 1] 0 1 0 0
[LIFT 2] 3170 2720 0 -127
[LIFT 1] 0 1 0 0
[LIFT 2] 3170 2710 -1000 -127
[LIFT 1] 0 1 0 0
[LLIFT 1] 0 0 -100 1
[LIFT 2] 3170 2770 3000 -127
[LIFT 1] 0 0 0 0
[LIFT 2] 3170 2810 4000 -127
[LIFT 1] 0 0 0 0
[LIFT 2] 3170 2840 3000 -127
[LIFT 1] 0 -1 -100 1
[LIFT 2] 3170 2890 5000 -127
[LIFT 1] 0 -1 0 0
[LIFT 2] 3170 2930 4000 -127
[LIFT 1] 0 -1 0 0
[LIFT 2] 3170 2980 5000 -90
[LIFT 1] 0 -1 0 0
[LIFT 2] 3170 3030 5000 -40
[LIFT 1] 0 -1 0 0
[LIFT 2] 3170 3070 4000 -20
[LIFT 1] 0 -1 0 0
[LIFT 2] 3170 3110 4000 20
[LIFT 1] 0 -3 -200 3
[LIFT 2] 3170 3160 5000 90
[LIFT 1] 0 -3 0 1
[LIFT 2] 3170 3200 4000 110
[LIFT 1] 0 -3 0 1
[LIFT 2] 3170 3240 4000 127
[LIFT 1] 0 -3 0 1
[LIFT 2] 3170 3270 3000 127
[LIFT 1] 0 -3 0 1
[LIFT 2] 3170 3270 0 100
[LIFT 1] 0 -3 0 1
[LIFT 2] 3170 3270 0 100
[LIFT 1] 0 -3 0 1
[LIFT 2] 3170 3260 -1000 70
[LIFT 1] 0 -3 0 1
[LIFT 2] 3170 3250 -1000 60
[LIFT 1] 0 -3 0 1
[LIFT 2] 3170 3230 -2000 20
[LIFT 1] 0 -1 200 -1
[LIFT 2] 3170 3210 -2000 0
[LIFT 1] 0 -1 0 0
[LIFT 2] 3170 3190 -2000 -20
[LIFT 1] 0 0 100 -1
[LIFT 2] 3170 3180 -1000 -10
[LIFT 1] 0 0 0 0
[LIFT 2] 3170 3160 -2000 -50
[LIFT 1] 0 1 100 -1
[LIFT 2] 3170 3150 -1000 -40
[LIFT 1] 0 3 200 -3
[LIFT 2] 3170 3130 -2000 -80
[LIFT 1] 0 3 0 -1
[LIFT 2] 3170 3110 -2000 -100
[LIFT 1] 0 3 0 -1
[LIFT 2] 3170 3100 -1000 -90
[LIFT 1] 0 5 200 -4
[LIFT 2] 3170 3080 -2000 -127
[LIFT 1] 0 5 0 -2
[LIFT 2] 3170 3070 -1000 -120
[LIFT 1] 0 5 0 -2
[LIFT 2] 3170 3060 -1000 -127
[LIFT 1] 0 5 0 -2
[LIFT 2] 3170 3050 -1000 -127
[LIFT 1] 0 5 0 -2
[LIFT 2] 3170 3050 0 -120
[LIFT 1] 0 5 0 -2
[LIFT 2] 3170 3050 0 -120
[LIFT 1] 0 5 0 -2
[LIFT 2] 3170 3050 0 -120
[LIFT 1] 0 5 0 -2
[LIFT 2] 3170 3060 1000 -90
[LIFT 1] 0 5 0 -2
[LIFT 2] 3170 3060 0 -110
[LIFT 1] 0 5 0 -2
[LIFT 2] 3170 3070 1000 -80
[LIFT 1] 0 5 0 -2
[LIFT 2] 3170 3090 2000 -40
[LIFT 1] 0 5 0 -2
[LIFT 2] 3170 3100 1000 -50
[LIFT 1] 0 3 -200 0
[LIFT 2] 3170 3110 1000 -40
[LIFT 1] 0 3 0 -1
[LIFT 2] 3170 3120 909 -31
[LIFT 1] 0 1 -181 1
[LIFT 2] 3170 3130 909 -21
[LIFT 1] 0 0 -100 1
[LIFT 2] 3170 3150 2000 20
[LIFT 1] 0 -1 -100 1
[LIFT 2] 3170 3150 0 -20
[LIFT 1] 0 -3 -200 3
[LIFT 2] 3170 3160 1000 10
[LIFT 1] 0 -3 0 1
[LIFT 2] 3170 3170 1000 20
[LIFT 1] 0 -5 -200 4
[LIFT 2] 3170 3180 1000 30
[LIFT 1] 0 -5 0 2
[LIFT 2] 3170 3190 1000 40
[LIFT 1] 0 -5 0 2
[LIFT 2] 3170 3190 0 20
[LIFT 1] 0 -5 0 2
[LIFT 2] 3170 3200 1000 50
[LIFT 1] 0 -5 0 2
[LIFT 2] 3170 3210 1000 60
[LIFT 1] 0 -5 0 2
[LIFT 2] 3170 3210 0 40
[LIFT 1] 0 -5 0 2
[LIFT 2] 3170 3220 1000 70
[LIFT 1] 0 -5 0 2
[LIFT 2] 3170 3230 1000 80
[LIFT 1] 0 -3 200 0
[LIFT 2] 3170 3230 0 60
[LIFT 1] 0 -1 200 -1
[LIFT 2] 3170 3230 0 60
[LIFT 1] 0 1 200 -2
[LIFT 2] 3170 3230 0 60
[LIFT 1] 0 3 200 -3
[LIFT 2] 3170 3230 0 60
[LIFT 1] 0 5 181 -4
[LIFT 2] 3170 3230 0 60
[LIFT 1] 0 7 200 -5
[LIFT 2] 3170 3230 0 60
[LIFT 1] 0 11 400 -8
[LIFT 2] 3170 3230 0 60
[LIFT 1] 0 11 0 -4
[LIFT 2] 3170 3220 -1000 30
[LIFT 1] 0 12 100 -6
[LIFT 2] 3170 3210 -1000 20
[LIFT 1] 0 12 0 -5
[LIFT 2] 3170 3200 -1000 10
[LIFT 1] 0 12 0 -5
[LIFT 2] 3170 3190 -1000 0
[LIFT 1] 0 12 0 -5
[LIFT 2] 3170 3170 -2000 -40
[LIFT 1] 0 12 0 -5
[LIFT 2] 3170 3150 -2000 -60
[LIFT 1] 0 12 0 -5
[LIFT 2] 3170 3150 0 -20
[LIFT 1] 0 12 0 -5
[LIFT 2] 3170 3130 -2000 -80
[LIFT 1] 0 12 0 -5
[LIFT 2] 3170 3130 0 -40
[LIFT 1] 0 11 -100 -3
[LIFT 2] 3170 3120 -1000 -70
[LIFT 1] 0 11 0 -4
[LIFT 2] 3170 3120 0 -50
[LIFT 1] 0 9 -200 -2
[LIFT 2] 3170 3120 0 -50
[LIFT 1] 0 7 -200 -1
[LIFT 2] 3170 3120 0 -50
[LIFT 1] 0 5 -200 0
[LIFT 2] 3170 3120 0 -50
[LIFT 1] 0 3 -200 0
[LIFT 2] 3170 3120 0 -50
[LIFT 1] 0 0 -300 3
[LIFT 2] 3170 3120 0 -50
[LIFT 1] 0 -1 -100 1
[LIFT 2] 3170 3130 1000 -20
[LIFT 1] 0 -3 -200 3
[LIFT 2] 3170 3140 1000 -10
[LIFT 1] 0 -3 0 1
[LIFT 2] 3170 3150 1000 0
[LIFT 1] 0 -5 -200 4
[LIFT 2] 3170 3150 0 -20
[LIFT 1] 0 -5 0 2
[LIFT 2] 3170 3170 2000 40
[LIFT 1] 0 -7 -200 5
[LIFT 2] 3170 3170 0 0
[LIFT 1] 0 -7 0 3
[LIFT 2] 3170 3190 2000 60
[LIFT 1] 0 -7 0 3
[LIFT 2] 3170 3190 0 20
[LIFT 1] 0 -7 0 3
[LIFT 2] 3170 3200 1000 50
[LIFT 1] 0 -7 0 3
[LIFT 2] 3170 3210 1000 60
[LIFT 1] 0 -7 0 3
[LIFT 2] 3170 3210 0 40
[LIFT 1] 0 -7 0 3
[LIFT 2] 3170 3210 0 40
