Default: 0 Min: -127 Max: 127 KP : -1.00 KD: -0.04
Default: 0 Min: -127 Max: 127 KP : -1.00 KD: -0.04
NOW MOVING
[LIFT 1] 0 0 0 0
[LIFT 2] 3170 0 0 -127
[LIFT 1] 0 0 0 0
[LIFT 2] 3170 0 0 -127
[LIFT 1] 0 0 0 0
[LIFT 2] 3170 0 0 -127
[LIFT 1] 0 0 0 0
[LIFT 2] 3170 0 0 -127
[LIFT 1] 0 0 0 0
[LIFT 2] 3170 0 0 -127
[LIFT 1] 0 0 0 0
[LIFT 2] 3170 0 0 -127
[LIFT 1] 0 0 0 0
[LIFT 2] 3170 0 0 -127
[LIFT 1] 0 0 0 0
[LIFT 2] 3170 0 0 -127
[LIFT 1] 0 0 0 0
[LIFT 2] 3170 0 0 -127
[LIFT 1] 0 0 0 0
[LIFT 2] 3170 0 0 -127
[LIFT 1] 0 0 0 0
[LIFT 2] 3170 0 0 -127
[LIFT 1] 0 0 0 0
[LIFT 2] 3170 0 0 -127
[LIFT 1] 0 0 0 0
[LIFT 2] 3170 0 0 -127
[LIFT 1] 0 0 0 0
[LIFT 2] 3170 10 1000 -127
[LIFT 1] 0 0 0 0
[LIFT 2] 3170 20 1000 -127
[LIFT 1] 0 0 0 0
[LIFT 2] 3170 30 1000 -127
[LIFT 1] 0 0 0 0
[LIFT 2] 3170 40 1000 -127
[LIFT 1] 0 0 0 0
[LIFT 2] 3170 50 1000 -127
[LIFT 1] 0 0 0 0
[LIFT 2] 3170 60 1000 -127
[LIFT 1] 0 0 0 0
[LIFT 2] 3170 70 1000 -127
[LIFT 1] 0 0 0 0
[LIFT 2] 3170 70 0 -127
[LIFT 1] 0 0 0 0
[LIFT 2] 3170 90 2000 -127
[LIFT 1] 0 0 0 0
[LIFT 2] 3170 100 1000 -127
[LIFT 1] 0 0 0 0
[LIFT 2] 3170 110 1000 -127
[LIFT 1] 0 0 0 0
[LIFT 2] 3170 110 0 -127
[LIFT 1] 0 0 0 0
[LIFT 2] 3170 130 2000 -127
[LIFT 1] 0 0 0 0
[LIFT 2] 3170 140 1000 -127
[LIFT 1] 0 0 0 0
[LIFT 2] 3170 150 1000 -127
[LIFT 1] 0 0 0 0
[LIFT 2] 3170 160 1000 -127
[LIFT 1] 0 0 0 0
[LIFT 2] 3170 170 1000 -127
[LIFT 1] 0 0 0 0
[LIFT 2] 3170 180 1000 -127
[LIFT 1] 0 0 0 0
[LIFT 2] 3170 190 1000 -127
[LIFT 1] 0 0 0 0
[LIFT 2] 3170 200 1000 -127
[LIFT 1] 0 0 0 0
[LIFT 2] 3170 210 1000 -127
[LIFT 1] 0 0 0 0
[LIFT 2] 3170 220 1000 -127
[LIFT 1] 0 0 0 0
[LIFT 2] 3170 230 1000 -127
[LIFT 1] 0 0 0 0
[LIFT 2] 3170 240 1000 -127
[LIFT 1] 0 0 0 0
[LIFT 2] 3170 250 1000 -127
[LIFT 1] 0 0 0 0
[LIFT 2] 3170 260 1000 -127
[LIFT 1] 0 0 0 0
[LIFT 2] 3170 270 1000 -127
[LIFT 1] 0 0 0 0
[LIFT 2] 3170 280 1000 -127
[LIFT 1] 0 0 0 0
[LIFT 2] 3170 290 1000 -127
[LIFT 1] 0 0 0 0
[LIFT 2] 3170 300 1000 -127
[LIFT 1] 0 0 0 0
[LIFT 2] 3170 310 1000 -127
[LIFT 1] 0 0 0 0
[LIFT 2] 3170 310 0 -127
[LIFT 1] 0 0 0 0
[LIFT 2] 3170 330 2000 -127
[LIFT 1] 0 0 0 0
[LIFT 2] 3170 330 0 -127
[LIFT 1] 0 0 0 0
[LIFT 2] 3170 350 2000 -127
[LIFT 1] 0 0 0 0
[LIFT 2] 3170 350 0 -127
[LIFT 1] 0 0 0IFT 2] 3170 360 1000 -127
[LIFT 1] 0 0 0 0
[LIFT 2] 3170 370 1000 -127
[LIFT 1] 0 0 0 0
[LIFT 2] 3170 390 2000 -127
[LIFT 1] 0 0 0 0
[LIFT 2] 3170 390 0 -127
[LIFT 1] 0 0 0 0
[LIFT 2] 3170 400 1000 440 1000 -127
[LIFT 1] 0 1 0 0
[LIFT 2] 3170 450 1000 -127
[LIFT 1] 0 1 0 0
[LIFT 2] 3170 460 1000 -127
[LIFT 1] 0 1 0 0
[LIFT 2] 3170 470 1000 -127
[LIFT 1] 0 1 0 0
[LIFT 2] 3170 480 1000 -127
[L
[LIFT 1] 0 1 0 0
[LIFT 2] 3170 520 1000 -127
[LIFT 1] 0 1 0 0
[LIFT 2] 3170 530 1000 -127
[LIFT 1] 0 1 0 0
[LIFT 2] 3170 540 1000 -127
[LIFT 1] 0 1 0 0
[LIFT 2] 3170 550 1000 -127
[LIFT 1] 0 1 0 0[LIFT 2] 3170 630 1000 -127
[LIFT 1] 0 1 0 0
[LIFT 2] 3170 630 0 -127
[LIFT 1] 0 1 0 0
[LIFT 2] 3170 640 1000 -127
[LIFT 1] 0 1 0 0
[LIFT 2] 3170 650 1000 -127
[LIFT 1] 0 1 0 0
[LIFT 2] 3170 660 1070 690 0 -127
[LIFT 1] 0 1 0 0
[LIFT 2] 3170 700 1000 -127
[LIFT 1] 0 1 0 0
[LIFT 2] 3170 710 1000 -127
[LIFT 1] 0 1 0 0
[LIFT 2] 3170 720 1000 -127
[LIFT 1] 0 1 0 0
[LIFT 2] 3170 730 1000 -127
[LI[LIFT 1] 0 1 0 0
[LIFT 2] 3170 770 1000 -127
[LIFT 1] 0 1 0 0
[LIFT 2] 3170 780 1000 -127
[LIFT 1] 0 1 0 0
[LIFT 2] 3170 790 1000 -127
[LIFT 1] 0 1 0 0
[LIFT 2] 3170 790 0 -127
[LIFT 1] 0 1 0 0
[LI
[LIFT 2] 3170 850 0 -127
[LIFT 1] 0 1 0 0
[LIFT 2] 3170 870 2000 -127
[LIFT 1] 0 1 0 0
[LIFT 2] 3170 870 0 -127
[LIFT 1] 0 1 0 0
[LIFT 2] 3170 880 1000 -127
[LIFT 1] 0 1 0 0
[LIFT 2] 3170 890 10000 2000 -127
[LIFT 1] 0 1 0 0
[LIFT 2] 3170 930 0 -127
[LIFT 1] 0 1 0 0
[LIFT 2] 3170 950 2000 -127
[LIFT 1] 0 1 0 0
[LIFT 2] 3170 960 1000 -127
[LIFT 1] 0 1 0 0
[LIFT 2] 3170 970 1000 -127
[LIFT 1] -127
[LIFT 1] 0 1 0 0
[LIFT 2] 3170 1040 1000 -127
[LIFT 1] 0 1 0 0
[LIFT 2] 3170 1050 1000 -127
[LIFT 1] 0 1 0 0
[LIFT 2] 3170 1060 1000 -127
[LIFT 1] 0 1 0 0
[LIFT 2] 3170 1070 1000 -127
[LIFT 1T 1] 0 1 0 0
[LIFT 2] 3170 1130 1000 -127
[LIFT 1] 0 1 0 0
[LIFT 2] 3170 1150 2000 -127
[LIFT 1] 0 1 0 0
[LIFT 2] 3170 1150 0 -127
[LIFT 1] 0 1 0 0
[LIFT 2] 3170 1170 2000 -127
[LIFT 1] 0 1 0 0
[LIT 2] 3170 1260 2000 -127
[LIFT 1] 0 1 0 0
[LIFT 2] 3170 1270 1000 -127
[LIFT 1] 0 1 0 0
[LIFT 2] 3170 1290 2000 -127
[LIFT 1] 0 1 0 0
[LIFT 2] 3170 1310 2000 -127
[LIFT 1] 0 1 0 0
[LIFT 2] 3170 132
[LIFT 2] 3170 1400 1000 -127
[LIFT 1] 0 1 0 0
[LIFT 2] 3170 1410 1000 -127
[LIFT 1] 0 1 0 0
[LIFT 2] 3170 1430 2000 -127
[LIFT 1] 0 1 0 0
[LIFT 2] 3170 1450 2000 -127
[LIFT 1] 0 1 0 0
[LIFT 2] 317-127
[LIFT 1] 0 1 0 0
[LIFT 2] 3170 1570 2000 -127
[LIFT 1] 0 1 0 0
[LIFT 2] 3170 1590 2000 -127
[LIFT 1] 0 1 0 0
[LIFT 2] 3170 1610 2000 -127
[LIFT 1] 0 1 0 0
[LIFT 2] 3170 1630 2000 -127
[LIFT 1]T 2] 3170 1780 2000 -127
[LIFT 1] 0 1 0 0
[LIFT 2] 3170 1800 2000 -127
[LIFT 1] 0 1 0 0
[LIFT 2] 3170 1830 3000 -127
[LIFT 1] 0 1 0 0
[LIFT 2] 3170 1850 2000 -127
[LIFT 1] 0 1 0 0
[LIFT 2] 3170 1884000 -127
[LIFT 1] 0 1 0 0
[LIFT 2] 3170 2060 3000 -127
[LIFT 1] 0 1 0 0
[LIFT 2] 3170 2090 3000 -127
[LIFT 1] 0 1 0 0
[LIFT 2] 3170 2130 4000 -127
[LIFT 1] 0 1 0 0
[LIFT 2] 3170 2170 4000 -127
[LI
[LIFT 1] 0 1 0 0
[LIFT 2] 3170 2350 4000 -127
[LIFT 1] 0 1 0 0
[LIFT 2] 3170 2370 2000 -127
[LIFT 1] 0 1 0 0
[LIFT 2] 3170 2400 3000 -127
[LIFT 1] 0 1 0 0
[LIFT 2] 3170 2430 3000 -127
[LIFT 1] 0 1 -127
[LIFT 1] 0 1 0 0
[LIFT 2] 3170 2610 3000 -127
[LIFT 1] 0 1 0 0
[LIFT 2] 3170 2630 2000 -127
[LIFT 1] 0 1 0 0
[LIFT 2] 3170 2650 2000 -127
[LIFT 1] 0 1 0 0
[LIFT 2] 3170 2670 2000 -127
[LIFT 11 0 0
[LIFT 2] 3170 2700 -1000 -127
[LIFT 1] 0 1 0 0
[LIFT 2] 3170 2690 -1000 -127
[LIFT 1] 0 1 0 0
[LIFT 2] 3170 2690 0 -127
[LIFT 1] 0 1 0 0
[LIFT 2] 3170 2680 -1000 -127
[LIFT 1] 0 1 0 0
[LIFT 20 1
[LIFT 2] 3170 2790 4000 -127
[LIFT 1] 0 -1 0 0
[LIFT 2] 3170 2830 4000 -127
[LIFT 1] 0 -1 0 0
[LIFT 2] 3170 2870 4000 -127
[LIFT 1] 0 -3 -200 3
[LIFT 2] 3170 2920 5000 -50
[LIFT 1] 0 -3 0 1
[LIFT 2] 3170 2970 5000 0
[LIFT 1] 0 -3 0 1
[LIFT 2] 3170 3020 5000 50
[LIFT 1] 0 -3 0 1
[LIFT 2] 3170 3060 4000 50
[LIFT 1] 0 -3 0 1
[LIFT 2] 3170 3110 5000 127
[LIFT 1] 0 -3 0 1
[LIFT 2] 3170 3150 4000 127
[LIFT 1] 0 -3 0 1
[LIFT 2] 3170 3190 4000 127
[LIFT 1] 0 -5 -200 4
[LIFT 2] 3170 3220 3000 127
[LIFT 1] 0 -7 -200 5
[LIFT 2] 3170 3250 3000 127
[LIFT 1] 0 -9 -200 6
[LIFT 2] 3170 3260 1000 127
[LIFT 1] 0 -12 -300 8
[LIFT 2] 3170 3270 1000 127
[LIFT 1] 0 -16 -400 11
[LIFT 2] 3170 3260 -1000 50
[LIFT 1] 0 -18 -200 10
[LIFT 2] 3170 3250 -1000 40
[LIFT 1] 0 -22 -400 13
[LIFT 2] 3170 3230 -2000 -20
[LIFT 1] 0 -23 -100 11
[LIFT 2] 3170 3190 -4000 -127
[LIFT 1] 0 -23 0 10
[LIFT 2] 3170 3160 -3000 -127
[LIFT 1] 0 -23 0 10
[LIFT 2] 3170 3130 -3000 -127
[LIFT 1] 0 -20 300 6
[LIFT 2] 3170 3100 -3000 -127
[LIFT 1] 0 -18 200 6
[LIFT 2] 3170 3070 -3000 -127
[LIFT 1] 0 -16 200 5
[LIFT 2] 3170 3050 -2000 -127
[LIFT 1] 0 -12 400 1
[LIFT 2] 3170 3030 -2000 -127
[LIFT 1] 0 -11 100 3
[LIFT 2] 3170 3020 -1000 -127
[LIFT 1] 0 -7 400 0
[LIFT 2] 3170 3000 -2000 -127
[LIFT 1] 0 -3 400 -2
[LIFT 2] 3170 2990 -1000 -127
[LIFT 1] 0 -1 200 -1
[LIFT 2] 3170 2990 0 -127
[LIFT 1] 0 3 400 -5
[LIFT 2] 3170 2990 0 -127
[LIFT 1] 0 7 400 -7
[LIFT 2] 3170 2990 0 -127
[LIFT 1] 0 11 400 -8
[LIFT 2] 3170 2990 0 -127
[LIFT 1] 0 16 500 -12
[LIFT 2] 3170 2990 0 -127
[LIFT 1] 0 22 600 -15
[LIFT 2] 3170 3010 2000 -80
[LIFT 1] 0 25 300 -14
[LIFT 2] 3170 3030 2000 -60
[LIFT 1] 0 27 200 -14
[LIFT 2] 3170 3060 3000 10
[LIFT 1] 0 33 600 -20
[LIFT 2] 3170 3080 2000 -10
[LIFT 1] 0 34 100 -16
[LIFT 2] 3170 3110 3000 60
[LIFT 1] 0 36 200 -18
[LIFT 2] 3170 3130 2000 40
[LIFT 1] 0 36 0 -16
[LIFT 2] 3170 3150 2000 60
[LIFT 1] 0 36 0 -16
[LIFT 2] 3170 3160 1000 30
[LIFT 1] 0 34 -200 -13
[LIFT 2] 3170 3170 1000 40
[LIFT 1] 0 34 0 -15
[LIFT 2] 3170 3190 2000 100
[LIFT 1] 0 33 -100 -13
[LIFT 2] 3170 3190 0 20
[LIFT 1] 0 31 -200 -11
[LIFT 2] 3170 3200 1000 70
[LIFT 1] 0 27 -400 -8
[LIFT 2] 3170 3210 1000 80
[LIFT 1] 0 27 0 -12
[LIFT 2] 3170 3220 1000 90
[LIFT 1] 0 25 -200 -9
[LIFT 2] 3170 3220 0 50
[LIFT 1] 0 23 -200 -8
[LIFT 2] 3170 3220 0 50
[LIFT 1] 0 22 -100 -8
[LIFT 2] 3170 3220 0 50
[LIFT 1] 0 20 -181 -7
[LIFT 2] 3170 3220 0 50
[LIFT 1] 0 18 -181 -6
[LIFT 2] 3170 3220 0 50
[LIFT 1] 0 18 0 -8
[LIFT 2] 3170 3210 -1000 0
[LIFT 1] 0 18 0 -8
[LIFT 2] 3170 3210 0 40
[LIFT 1] 0 18 0 -8
[LIFT 2] 3170 3200 -1000 -10
[LIFT 1] 0 18 0 -8
[LIFT 2] 3170 3190 -1000 -20
[LIFT 1] 0 18 0 -8
[LIFT 2] 3170 3190 0 20
[LIFT 1] 0 20 200 -11
[LIFT 2] 3170 3170 -2000 -80
[LIFT 1] 0 23 300 -13
[LIFT 2] 3170 3150 -2000 -100
[LIFT 1] 0 25 200 -13
[LIFT 2] 3170 3140 -1000 -70
[LIFT 1] 0 29 400 -17
[LIFT 2] 3170 3120 -2000 -127
[LIFT 1] 0 33 400 -18
[LIFT 2] 3170 3100 -2000 -127
[LIFT 1] 0 38 500 -22
[LIFT 2] 3170 3080 -2000 -127
[LIFT 1] 0 40 200 -20
[LIFT 2] 3170 3070 -1000 -127
[LIFT 1] 0 45 500 -25
[LIFT 2] 3170 3070 0 -100
[LIFT 1] 0 47 200 -23
[LIFT 2] 3170 3070 0 -100
[LIFT 1] 0 51 400 -26
[LIFT 2] 3170 3060 -1000 -127
[LIFT 1] 0 53 200 -25
[LIFT 2] 3170 3060 0 -110
[LIFT 1] 0 55 181 -26
[LIFT 2] 3170 3070 909 -63
[LIFT 1] 0 55 0 -24
[LIFT 2] 3170 3070 0 -100
[LIFT 1] 0 55 0 -24
[LIFT 2] 3170 3090 2000 0
[LIFT 1] 0 55 0 -24
[LIFT 2] 3170 3110 2000 20
[LIFT 1] 0 55 0 -24
[LIFT 2] 3170 3120 1000 -10
[LIFT 1] 0 55 0 -24
[LIFT 2] 3170 3150 3000 100
[LIFT 1] 0 55 0 -24
[LIFT 2] 3170 3170 2000 80
[LIFT 1] 0 53 -200 -21
[LIFT 2] 3170 3190 2000 100
[LIFT 1] 0 53 0 -23
[LIFT 2] 3170 3230 4000 127
[LIFT 1] 0 53 0 -23
[LIFT 2] 3170 3250 2000 127
[LIFT 1] 0 53 0 -23
[LIFT 2] 3170 3250 0 80
[LIFT 1] 0 51 -200 -20
[LIFT 2] 3170 3260 1000 127
[LIFT 1] 0 49 -200 -20
[LIFT 2] 3170 3270 1000 127
[LIFT 1] 0 49 0 -22
[LIFT 2] 3170 3270 0 100
[LIFT 1] 0 49 0 -22
[LIFT 2] 3170 3270 0 100
[LIFT 1] 0 49 0 -22
[LIFT 2] 3170 3270 0 100
[LIFT 1] 0 49 0 -22
[LIFT 2] 3170 3250 -2000 0
[LIFT 1] 0 49 0 -22
[LIFT 2] 3170 3230 -2000 -20
[LIFT 1] 0 49 0 -22
[LIFT 2] 3170 3220 -1000 10
[LIFT 1] 0 49 0 -22
[LIFT 2] 3170 3210 -1000 0
