Default: 0 Min: -127 Max: 127 KP : -0.50 KD: -0.02
NOW MOVING
[LIFT 1] 0 0 0 0
[LIFT 2] 3170 0 0 -127
[LIFT 1] 0 0 0 0
[LIFT 2] 3170 0 0 -127
[LIFT 1] 0 0 0 0
[LIFT 2] 3170 0 0 -127
[LIFT 1] 0 0 0 0
[LIFT 2] 3170 0 0 -127
[LIFT 1] 0 0 0 0
[LIFT 2] 3170 0 0 -127
[LIFT 1] 0 0 0 0
[LIFT 2] 3170 0 0 -127
[LIFT 1] 0 0 0 0
[LIFT 2] 3170 0 0 -127
[LIFT 1] 0 0 0 0
[LIFT 2] 3170 0 0 -127
[LIFT 1] 0 0 0 0
[LIFT 2] 3170 0 0 -127
[LIFT 1] 0 0 0 0
[LIFT 2] 3170 10 1000 -127
[LIFT 1] 0 0 0 0
[LIFT 2] 3170 10 0 -127
[LIFT 1] 0 0 0 0
[LIFT 2] 3170 40 3000 -127
[LIFT 1] 0 0 0 0
[LIFT 2] 3170 50 1000 -127
[LIFT 1] 0 0 0 0
[LIFT 2] 3170 50 0 -127
[LIFT 1] 0 0 0 0
[LIFT 2] 3170 60 1000 -127
[LIFT 1] 0 0 0 0
[LIFT 2] 3170 70 1000 -127
[LIFT 1] 0 0 0 0
[LIFT 2] 3170 80 1000 -127
[LIFT 1] 0 0 0 0
[LIFT 2] 3170 90 1000 -127
[LIFT 1] 0 0 0 0
[LIFT 2] 3170 100 1000 -127
[LIFT 1] 0 0 0 0
[LIFT 2] 3170 110 1000 -127
[LIFT 1] 0 0 0 0
[LIFT 2] 3170 120 1000 -127
[LIFT 1] 0 0 0 0
[LIFT 2] 3170 130 1000 -127
[LIFT 1] 0 0 0 0
[LIFT 2] 3170 140 1000 -127
[LIFT 1] 0 0 0 0
[LIFT 2] 3170 150 1000 -127
[LIFT 1] 0 0 0 0
[LIFT 2] 3170 160 1000 -127
[LIFT 1] 0 0 0 0
[LIFT 2] 3170 170 1000 -127
[LIFT 1] 0 0 0 0
[LIFT 2] 3170 170 0 -127
[LIFT 1] 0 0 0 0
[LIFT 2] 3170 190 2000 -127
[LIFT 1] 0 0 0 0
[LIFT 2] 3170 200 1000 -127
[LIFT 1] 0 0 0 0
[LIFT 2] 3170 210 1000 -127
[LIFT 1] 0 0 0 0
[LIFT 2] 3170 210 0 -127
[LIFT 1] 0 0 0 0
[LIFT 2] 3170 230 2000 -127
[LIFT 1] 0 0 0 0
[LIFT 2] 3170 230 0 -127
[LIFT 1] 0 0 0 0
[LIFT 2] 3170 250 2000 -127
[LIFT 1] 0 0 0 0
[LIFT 2] 3170 250 0 -127
[LIFT 1] 0 0 0 0
[LIFT 2] 3170 270 2000 -127
[LIFT 1] 0 0 0 0
[LIFT 2] 3170 270 0 -127
[LIFT 1] 0 0 0 0
[LIFT 2] 3170 290 2000 -127
[LIFT 1] 0 0 0 0
[LIFT 2] 3170 290 0 -127
[LIFT 1] 0 0 0 0
[LIFT 2] 3170 300 1000 -127
[LIFT 1] 0 0 0 0
[LIFT 2] 3170 310 1000 -127
[LIFT 1] 0 0 0 0
[LIFT 2] 3170 320 1000 -127
[LIFT 1] 0 0 0 0
[LIFT 2] 3170 330 1000 -127
[LIFT 1] 0 0 0 0
[LIFT 2] 3170 330 0 -127
[LIFT 1] 0 0 0 0
[LIFT 2] 3170 350 2000 -127
[LIFT 1] 0 0 0 0
[LIFT 2] 3170 360 1000 -127
[LIFT 1] 0 0 0 0
[LIFT 2] 3170 370 1000 -127
[LIFT 1] 0 0 0 0
[LIFT 2] 3170 370 0 -127
[LIFT 1] 0 0 0 0
[LIFT 2] 3170 380 1000 -127
[LIFT 1] 0 0 0 0
[LIFT 2] 3170 390 1000 -127
[LIFT 1] 0 0 0 0
[LIFT 2] 3170 410 2000 -127
[LIFT 1] 0 1 100 -1
[LIFT 2] 3170 4150 0 -127
[LIFT 1] 0 1 0 0
[LIFT 2] 3170 460 1000 -127
[LIFT 1] 0 1 0 0
[LIFT 2] 3170 470 1000 -127
[LIFT 1] 0 1 0 0
[LIFT 2] 3170 480 1000 -127
[LIFT 1] 0 1 0 0
[LIFT 2] 3170 490 1000 -127
[LIFT 1 1] 0 1 0 0
[LIFT 2] 3170 540 1000 -127
[LIFT 1] 0 1 0 0
[LIFT 2] 3170 550 1000 -127
[LIFT 1] 0 1 0 0
[LIFT 2] 3170 560 1000 -127
[LIFT 1] 0 1 0 0
[LIFT 2] 3170 570 1000 -127
[LIFT 1] 0 1 0 0
[LIFT2] 3170 620 1000 -127
[LIFT 1] 0 1 0 0
[LIFT 2] 3170 630 1000 -127
[LIFT 1] 0 1 0 0
[LIFT 2] 3170 640 1000 -127
[LIFT 1] 0 1 0 0
[LIFT 2] 3170 650 1000 -127
[LIFT 1] 0 1 0 0
[LIFT 2] 3170 660 1000 0 -127
[LIFT 1] 0 1 0 0
[LIFT 2] 3170 710 1000 -127
[LIFT 1] 0 1 0 0
[LIFT 2] 3170 710 0 -127
[LIFT 1] 0 1 0 0
[LIFT 2] 3170 730 2000 -127
[LIFT 1] 0 1 0 0
[LIFT 2] 3170 730 0 -127
[LIFT 1] 0 1 0 0
[LIFT 2] 3170 800 1000 -127
[LIFT 1] 0 1 0 0
[LIFT 2] 3170 810 1000 -127
[LIFT 1] 0 1 0 0
[LIFT 2] 3170 810 0 -127
[LIFT 1] 0 1 0 0
[LIFT 2] 3170 820 1000 -127
[LIFT 1] 0 1 0 0
[LIFT 2] 3170 830 1 860 1000 -127
[LIFT 1] 0 1 0 0
[LIFT 2] 3170 870 1000 -127
[LIFT 1] 0 1 0 0
[LIFT 2] 3170 880 1000 -127
[LIFT 1] 0 1 0 0
[LIFT 2] 3170 890 1000 -127
[LIFT 1] 0 1 0 0
[LIFT 2] 3170 900 1000 -127
[L0 1000 -127
[LIFT 1] 0 1 0 0
[LIFT 2] 3170 970 2000 -127
[LIFT 1] 0 1 0 0
[LIFT 2] 3170 970 0 -127
[LIFT 1] 0 1 0 0
[LIFT 2] 3170 990 2000 -127
[LIFT 1] 0 1 0 0
[LIFT 2] 3170 1000 1000 -127
[LIFT 1[LIFT 1] 0 1 0 0
[LIFT 2] 3170 1080 1000 -127
[LIFT 1] 0 1 0 0
[LIFT 2] 3170 1090 1000 -127
[LIFT 1] 0 1 0 0
[LIFT 2] 3170 1100 1000 -127
[LIFT 1] 0 1 0 0
[LIFT 2] 3170 1110 1000 -127
[LIFT 1] 0 1 -127
[LIFT 1] 0 1 0 0
[LIFT 2] 3170 1180 1000 -127
[LIFT 1] 0 1 0 0
[LIFT 2] 3170 1190 1000 -127
[LIFT 1] 0 1 0 0
[LIFT 2] 3170 1210 2000 -127
[LIFT 1] 0 1 0 0
[LIFT 2] 3170 1220 1000 -127
[LIFT 1]] 3170 1290 2000 -127
[LIFT 1] 0 1 0 0
[LIFT 2] 3170 1310 2000 -127
[LIFT 1] 0 1 0 0
[LIFT 2] 3170 1330 2000 -127
[LIFT 1] 0 1 0 0
[LIFT 2] 3170 1340 1000 -127
[LIFT 1] 0 1 0 0
[LIFT 2] 3170 1350 10 -127
[LIFT 1] 0 1 0 0
[LIFT 2] 3170 1450 2000 -127
[LIFT 1] 0 1 0 0
[LIFT 2] 3170 1470 2000 -127
[LIFT 1] 0 1 0 0
[LIFT 2] 3170 1490 2000 -127
[LIFT 1] 0 1 0 0
[LIFT 2] 3170 1510 2000 -127
[LIFT T 2] 3170 1610 2000 -127
[LIFT 1] 0 1 0 0
[LIFT 2] 3170 1630 2000 -127
[LIFT 1] 0 1 0 0
[LIFT 2] 3170 1650 2000 -127
[LIFT 1] 0 1 0 0
[LIFT 2] 3170 1670 2000 -127
[LIFT 1] 0 1 0 0
[LIFT 2] 3170 169[LIFT 1] 0 1 0 0
[LIFT 2] 3170 1830 2000 -127
[LIFT 1] 0 1 0 0
[LIFT 2] 3170 1850 2000 -127
[LIFT 1] 0 1 0 0
[LIFT 2] 3170 1880 3000 -127
[LIFT 1] 0 1 0 0
[LIFT 2] 3170 1910 3000 -127
[LIFT 1] 0 1 0
[LIFT 2] 3170 2110 4000 -127
[LIFT 1] 0 1 0 0
[LIFT 2] 3170 2140 3000 -127
[LIFT 1] 0 1 0 0
[LIFT 2] 3170 2170 3000 -127
[LIFT 1] 0 1 0 0
[LIFT 2] 3170 2210 4000 -127
[LIFT 1] 0 1 0 0
[LIFT 2] 31 2370 3000 -127
[LIFT 1] 0 1 0 0
[LIFT 2] 3170 2400 3000 -127
[LIFT 1] 0 1 0 0
[LIFT 2] 3170 2430 3000 -127
[LIFT 1] 0 1 0 0
[LIFT 2] 3170 2450 2000 -127
[LIFT 1] 0 1 0 0
[LIFT 2] 3170 2480 3000 -1IFT 1] 0 1 0 0
[LIFT 2] 3170 2610 3000 -127
[LIFT 1] 0 1 0 0
[LIFT 2] 3170 2630 2000 -127
[LIFT 1] 0 1 0 0
[LIFT 2] 3170 2650 2000 -127
[LIFT 1] 0 1 0 0
[LIFT 2] 3170 2660 1000 -127
[LIFT 1] 0 1 0  0 0
[LIFT 2] 3170 2650 0 -127
[LIFT 1] 0 1 0 0
[LIFT 2] 3170 2650 0 -127
[LIFT 1] 0 1 0 0
[LIFT 2] 3170 2660 1000 -127
[LIFT 1] 0 1 0 0
[LIFT 2] 3170 2680 2000 -127
[LIFT 1] 0 0 -100 1
[LIFT 2] 31T 2] 3170 2870 4000 -70
[LIFT 1] 0 -3 0 1
[LIFT 2] 3170 2920 5000 -25
[LIFT 1] 0 -3 0 1
[LIFT 2] 3170 2970 5000 0
[LIFT 1] 0 -3 0 1
[LIFT 2] 3170 3010 4000 0
[LIFT 1] 0 -3 0 1
[LIFT 2] 3170 3050 40IFT 2] 3170 3100 5000 65
[LIFT 1] 0 -3 0 1
[LIFT 2] 3170 3150 5000 90
[LIFT 1] 0 -3 0 1
[LIFT 2] 3170 3180 3000 65
[LIFT 1] 0 -3 0 1
[LIFT 2] 3170 3210 3000 80
[LIFT 1] 0 -3 0 1
[LIFT 2] 3170 3230 2000 70
[LIFT 1] 0 -3 0 1
[LIFT 2] 3170 3240 1000 55
[LIFT 1] 0 -3 0 1
[LIFT 2] 3170 3250 1000 60
[LIFT 1] 0 -3 0 1
[LIFT 2] 3170 3270 2000 90
[LIFT 1] 0 -3 0 1
[LIFT 2] 3170 3270 0 50
[LIFT 1] 0 -3 0 1
[LIFT 2] 3170 3270 0 50
[LIFT 1] 0 -3 0 1
[LIFT 2] 3170 3270 0 50
[LIFT 1] 0 -3 0 1
[LIFT 2] 3170 3250 -2000 0
[LIFT 1] 0 -3 0 1
[LIFT 2] 3170 3230 -2000 -10
[LIFT 1] 0 -3 0 1
[LIFT 2] 3170 3210 -2000 -20
[LIFT 1] 0 -3 0 1
[LIFT 2] 3170 3180 -3000 -55
[LIFT 1] 0 -3 0 1
[LIFT 2] 3170 3160 -2000 -45
[LIFT 1] 0 -3 0 1
[LIFT 2] 3170 3130 -3000 -80
[LIFT 1] 0 -1 200 -1
[LIFT 2] 3170 3110 -2000 -70
[LIFT 1] 0 1 200 -2
[LIFT 2] 3170 3080 -3000 -105
[LIFT 1] 0 5 400 -6
[LIFT 2] 3170 3060 -2000 -95
[LIFT 1] 0 11 600 -10
[LIFT 2] 3170 3040 -2000 -105
[LIFT 1] 0 14 300 -9
[LIFT 2] 3170 3040 0 -65
[LIFT 1] 0 20 600 -15
[LIFT 2] 3170 3030 -1000 -90
[LIFT 1] 0 25 500 -16
[LIFT 2] 3170 3020 -1000 -95
[LIFT 1] 0 31 600 -19
[LIFT 2] 3170 3020 0 -75
[LIFT 1] 0 36 500 -21
[LIFT 2] 3170 3010 -1000 -100
[LIFT 1] 0 40 400 -22
[LIFT 2] 3170 3020 1000 -55
[LIFT 1] 0 47 700 -28
[LIFT 2] 3170 3020 0 -75
[LIFT 1] 0 49 200 -24
[LIFT 2] 3170 3030 1000 -50
[LIFT 1] 0 55 600 -30
[LIFT 2] 3170 3050 2000 -20
[LIFT 1] 0 56 100 -26
[LIFT 2] 3170 3070 2000 -10
[LIFT 1] 0 60 400 -31
[LIFT 2] 3170 3090 2000 0
[LIFT 1] 0 60 0 -27
[LIFT 2] 3170 3120 3000 35
[LIFT 1] 0 60 0 -27
[LIFT 2] 3170 3140 2000 25
[LIFT 1] 0 58 -200 -24
[LIFT 2] 3170 3160 2000 35
[LIFT 1] 0 56 -200 -23
[LIFT 2] 3170 3170 1000 20
[LIFT 1] 0 56 0 -25
[LIFT 2] 3170 3190 2000 50
[LIFT 1] 0 53 -300 -20
[LIFT 2] 3170 3200 1000 35
[LIFT 1] 0 49 -400 -18
[LIFT 2] 3170 3210 1000 40
[LIFT 1] 0 47 -200 -19
[LIFT 2] 3170 3210 0 20
[LIFT 1] 0 45 -200 -18
[LIFT 2] 3170 3220 1000 45
[LIFT 1] 0 44 -100 -18
[LIFT 2] 3170 3230 1000 50
[LIFT 1] 0 42 -200 -16
[LIFT 2] 3170 3230 0 30
[LIFT 1] 0 42 0 -18
[LIFT 2] 3170 3230 0 30
[LIFT 1] 0 40 -200 -16
[LIFT 2] 3170 3230 0 30
[LIFT 1] 0 40 0 -18
[LIFT 2] 3170 3230 0 30
[LIFT 1] 0 40 0 -18
[LIFT 2] 3170 3230 0 30
[LIFT 1] 0 40 0 -18
[LIFT 2] 3170 3230 0 30
[LIFT 1] 0 40 0 -18
[LIFT 2] 3170 3230 0 30
[LIFT 1] 0 42 200 -20
[LIFT 2] 3170 3220 -1000 5
[LIFT 1] 0 44 200 -21
[LIFT 2] 3170 3210 -1000 0
[LIFT 1] 0 47 300 -24
[LIFT 2] 3170 3210 0 20
[LIFT 1] 0 49 200 -24
[LIFT 2] 3170 3190 -2000 -30
[LIFT 1] 0 53 400 -27
[LIFT 2] 3170 3180 -1000 -15
[LIFT 1] 0 55 200 -26
[LIFT 2] 3170 3170 -1000 -20
[LIFT 1] 0 56 100 -26
[LIFT 2] 3170 3160 -1000 -25
[LIFT 1] 0 58 200 -28
[LIFT 2] 3170 3150 -1000 -30
[LIFT 1] 0 60 200 -29
[LIFT 2] 3170 3130 -2000 -60
[LIFT 1] 0 62 200 -29
[LIFT 2] 3170 3130 0 -20
[LIFT 1] 0 64 200 -30
[LIFT 2] 3170 3110 -2000 -70
[LIFT 1] 0 64 0 -28
[LIFT 2] 3170 3110 0 -30
[LIFT 1] 0 64 0 -28
[LIFT 2] 3170 3110 0 -30
[LIFT 1] 0 64 0 -28
[LIFT 2] 3170 3110 0 -30
[LIFT 1] 0 64 0 -28
[LIFT 2] 3170 3110 0 -30
[LIFT 1] 0 64 0 -28
[LIFT 2] 3170 3110 0 -30
[LIFT 1] 0 64 0 -28
[LIFT 2] 3170 3120 1000 -5
[LIFT 1] 0 64 0 -28
[LIFT 2] 3170 3130 1000 0
[LIFT 1] 0 64 0 -28
[LIFT 2] 3170 3140 1000 5
[LIFT 1] 0 64 0 -28
[LIFT 2] 3170 3150 1000 10
[LIFT 1] 0 64 0 -28
[LIFT 2] 3170 3160 1000 15
[LIFT 1] 0 64 0 -28
[LIFT 2] 3170 3170 1000 20
[LIFT 1] 0 62 -200 -25
[LIFT 2] 3170 3190 2000 50
[LIFT 1] 0 60 -200 -25
[LIFT 2] 3170 3200 1000 35
[LIFT 1] 0 58 -200 -24
[LIFT 2] 3170 3210 1000 40
[LIFT 1] 0 56 -200 -23
[LIFT 2] 3170 3220 1000 45
[LIFT 1] 0 55 -100 -23
[LIFT 2] 3170 3230 1000 50
[LIFT 1] 0 53 -200 -21
[LIFT 2] 3170 3230 0 30
[LIFT 1] 0 53 0 -23
[LIFT 2] 3170 3230 0 30
[LIFT 1] 0 51 -200 -20
[LIFT 2] 3170 3230 0 30
[LIFT 1] 0 51 0 -22
[LIFT 2] 3170 3230 0 30
[LIFT 1] 0 49 -200 -20
[LIFT 2] 3170 3230 0 30
[LIFT 1] 0 49 0 -22
[LIFT 2] 3170 3230 0 30
[LIFT 1] 0 49 0 -22
[LIFT 2] 3170 3230 0 30
[LIFT 1] 0 49 0 -22
[LIFT 2] 3170 3230 0 30
[LIFT 1] 0 49 0 -22
[LIFT 2] 3170 3230 0 30
