Default: 0 Min: -127 Max: 127 KP : -0.50 KD: -0.02
NOW MOVING
[LIFT 1] 1290 0 0 127
[LIFT 2] 3170 0 0 -127
[LIFT 1] 1290 0 0 127
[LIFT 2] 3170 0 0 -127
[LIFT 1] 1290 0 0 127
[LIFT 2] 3170 0 0 -127
[LIFT 1] 1290 0 0 127
[LIFT 2] 3170 0 0 -127
[LIFT 1] 1290 7 700 127
[LIFT 2] 3170 0 0 -127
[LIFT 1] 1290 20 1300 127
[LIFT 2] 3170 0 0 -127
[LIFT 1] 1290 33 1300 127
[LIFT 2] 3170 0 0 -127
[LIFT 1] 1290 45 1200 127
[LIFT 2] 3170 0 0 -127
[LIFT 1] 1290 67 2200 127
[LIFT 2] 3170 0 0 -127
[LIFT 1] 1290 86 1900 127
[LIFT 2] 3170 0 0 -127
[LIFT 1] 1290 102 1600 127
[LIFT 2] 3170 0 0 -127
[LIFT 1] 1290 119 1700 127
[LIFT 2] 3170 0 0 -127
[LIFT 1] 1290 134 1500 127
[LIFT 2] 3170 0 0 -127
[LIFT 1] 1290 148 1400 127
[LIFT 2] 3170 0 0 -127
[LIFT 1] 1290 165 1700 127
[LIFT 2] 3170 0 0 -127
[LIFT 1] 1290 180 1500 127
[LIFT 2] 3170 0 0 -127
[LIFT 1] 1290 194 1400 127
[LIFT 2] 3170 0 0 -127
[LIFT 1] 1290 213 1900 127
[LIFT 2] 3170 0 0 -127
[LIFT 1] 1290 229 1600 127
[LIFT 2] 3170 0 0 -127
[LIFT 1] 1290 246 1700 127
[LIFT 2] 3170 10 1000 -127
[LIFT 1] 1290 266 2000 127
[LIFT 2] 3170 20 1000 -127
[LIFT 1] 1290 282 1600 127
[LIFT 2] 3170 30 1000 -127
[LIFT 1] 1290 301 1900 127
[LIFT 2] 3170 50 2000 -127
[LIFT 1] 1290 323 2200 127
[LIFT 2] 3170 60 1000 -127
[LIFT 1] 1290 345 2200 127
[LIFT 2] 3170 70 1000 -127
[LIFT 1] 1290 365 2000 127
[LIFT 2] 3170 90 2000 -127
[LIFT 1] 1290 387 2200 127
[LIFT 2] 3170 110 2000 -127
[LIFT 1] 1290 2600 127
[LIFT 2] 3170 160 1000 -127
[LIFT 1] 1290 472 2200 127
[LIFT 2] 3170 180 2000 -127
[LIFT 1] 1290 492 2000 127
[LIFT 2] 3170 200 2000 -127
[LIFT 1] 1290 514 2200 127
[LIFT 2] 3170 220 2000IFT 1] 1290 633 2200 127
[LIFT 2] 3170 320 1000 -127
[LIFT 1] 1290 650 1700 127
[LIFT 2] 3170 340 2000 -127
[LIFT 1] 1290 670 2000 127
[LIFT 2] 3170 350 1000 -127
[LIFT 1] 1290 688 1800 127
[LIFT 227
[LIFT 1] 1290 775 1700 127
[LIFT 2] 3170 450 2000 -127
[LIFT 1] 1290 795 2000 127
[LIFT 2] 3170 470 2000 -127
[LIFT 1] 1290 811 1600 127
[LIFT 2] 3170 480 1000 -127
[LIFT 1] 1290 828 1700 127
[L 1290 955 2200 127
[LIFT 2] 3170 610 2000 -127
[LIFT 1] 1290 973 1800 124
[LIFT 2] 3170 630 2000 -127
[LIFT 1] 1290 990 1700 118
[LIFT 2] 3170 650 2000 -127
[LIFT 1] 1290 1012 2200 103
[LIFT 2] 317
[LIFT 1] 1290 1107 1800 64
[LIFT 2] 3170 750 2000 -127
[LIFT 1] 1290 1129 2200 50
[LIFT 2] 3170 770 2000 -127
[LIFT 1] 1290 1147 1800 46
[LIFT 2] 3170 790 2000 -127
[LIFT 1] 1290 1166 1900 36
[LIF000 -127
[LIFT 1] 1290 1287 1800 -16
[LIFT 2] 3170 940 2000 -127
[LIFT 1] 1290 1302 1500 -20
[LIFT 2] 3170 960 2000 -127
[LIFT 1] 1290 1316 1400 -25
[LIFT 2] 3170 970 1000 -127
[LIFT 1] 1290 1331 12] 3170 1070 2000 -127
[LIFT 1] 1290 1346 0 -25
[LIFT 2] 3170 1070 0 -127
[LIFT 1] 1290 1346 0 -25
[LIFT 2] 3170 1070 0 -127
[LIFT 1] 1290 1346 0 -25
[LIFT 2] 3170 1070 0 -127
[LIFT 1] 1290 1346 0 0 0 -127
[LIFT 1] 1290 1348 0 -26
[LIFT 2] 3170 1020 -1000 -127
[LIFT 1] 1290 1348 0 -26
[LIFT 2] 3170 1010 -1000 -127
[LIFT 1] 1290 1348 0 -26
[LIFT 2] 3170 1010 0 -127
[LIFT 1] 1290 1348 0 -26
[L1] 1290 1348 0 -26
[LIFT 2] 3170 1000 0 -127
[LIFT 1] 1290 1348 0 -26
[LIFT 2] 3170 1000 0 -127
[LIFT 1] 1290 1348 0 -26
[LIFT 2] 3170 1000 0 -127
[LIFT 1] 1290 1348 0 -26
[LIFT 2] 3170 1000 0 -127 -127
[LIFT 1] 1290 1348 0 -26
[LIFT 2] 3170 1090 2000 -127
[LIFT 1] 1290 1348 0 -26
[LIFT 2] 3170 1110 2000 -127
[LIFT 1] 1290 1348 0 -26
[LIFT 2] 3170 1130 2000 -127
[LIFT 1] 1290 1348 0 -26
[LIF1] 1290 1348 0 -26
[LIFT 2] 3170 1230 1000 -127
[LIFT 1] 1290 1346 -200 -23
[LIFT 2] 3170 1250 2000 -127
[LIFT 1] 1290 1346 0 -25
[LIFT 2] 3170 1270 2000 -127
[LIFT 1] 1290 1344 -200 -22
[LIFT 2] 3170 1360 1000 -127
[LIFT 1] 1290 1331 0 -18
[LIFT 2] 3170 1380 2000 -127
[LIFT 1] 1290 1329 -200 -15
[LIFT 2] 3170 1400 2000 -127
[LIFT 1] 1290 1329 0 -17
[LIFT 2] 3170 1420 2000 -127
[LIFT 1] 1290 1] 1290 1329 0 -17
[LIFT 2] 3170 1560 1000 -127
[LIFT 1] 1290 1329 0 -17
[LIFT 2] 3170 1580 2000 -127
[LIFT 1] 1290 1329 0 -17
[LIFT 2] 3170 1600 2000 -127
[LIFT 1] 1290 1329 0 -17
[LIFT 2] 3170 1690 2000 -127
[LIFT 1] 1290 1329 0 -17
[LIFT 2] 3170 1710 2000 -127
[LIFT 1] 1290 1329 0 -17
[LIFT 2] 3170 1720 1000 -127
[LIFT 1] 1290 1329 0 -17
[LIFT 2] 3170 1750 3000 -127
[LIFT 1] 1290 1329 0 1] 1290 1329 0 -17
[LIFT 2] 3170 1860 2000 -127
[LIFT 1] 1290 1329 0 -17
[LIFT 2] 3170 1880 2000 -127
[LIFT 1] 1290 1329 0 -17
[LIFT 2] 3170 1900 2000 -127
[LIFT 1] 1290 1329 0 -17
[LIFT 2] 3170 197
[LIFT 1] 1290 1329 0 -17
[LIFT 2] 3170 2030 3000 -127
[LIFT 1] 1290 1329 0 -17
[LIFT 2] 3170 2050 2000 -127
[LIFT 1] 1290 1329 0 -17
[LIFT 2] 3170 2070 2000 -127
[LIFT 1] 1290 1329 0 -17
[LIFT 2]FT 2] 3170 2230 3000 -127
[LIFT 1] 1290 1329 0 -17
[LIFT 2] 3170 2250 2000 -127
[LIFT 1] 1290 1327 -200 -14
[LIFT 2] 3170 2270 2000 -127
[LIFT 1] 1290 1327 0 -16
[LIFT 2] 3170 2310 4000 -127
[LIFT [LIFT 1] 1290 1320 -200 -11
[LIFT 2] 3170 2440 3000 -127
[LIFT 1] 1290 1318 -200 -10
[LIFT 2] 3170 2470 3000 -127
[LIFT 1] 1290 1316 -200 -9
[LIFT 2] 3170 2500 3000 -127
[LIFT 1] 1290 1315 -100 -10] 1290 1302 -300 -2
[LIFT 2] 3170 2660 3000 -127
[LIFT 1] 1290 1300 -200 -2
[LIFT 2] 3170 2690 3000 -127
[LIFT 1] 1290 1296 -400 1
[LIFT 2] 3170 2710 2000 -127
[LIFT 1] 1290 1293 -300 1
[LIFT 2] 313170 2890 4000 -60
[LIFT 1] 1290 1293 0 -1
[LIFT 2] 3170 2920 3000 -65
[LIFT 1] 1290 1289 -400 4
[LIFT 2] 3170 2970 5000 0
[LIFT 1] 1290 1285 -400 6
[LIFT 2] 3170 3000 3000 -25
[LIFT 1] 1290 1278 -] 1290 1230 -900 36
[LIFT 2] 3170 3130 1000 0
[LIFT 1] 1290 1225 -500 34
[LIFT 2] 3170 3130 0 -20
[LIFT 1] 1290 1221 -400 35
[LIFT 2] 3170 3140 1000 5
[LIFT 1] 1290 1221 0 31
[LIFT 2] 3170 3140 0 -3170 3140 0 -15
[LIFT 1] 1290 1226 100 27
[LIFT 2] 3170 3140 0 -15
[LIFT 1] 1290 1228 200 25
[LIFT 2] 3170 3150 1000 10
[LIFT 1] 1290 1230 200 25
[LIFT 2] 3170 3150 0 -10
[LIFT 1] 1290 1230 0 27
[L[LIFT 1] 1290 1234 200 23
[LIFT 2] 3170 3300 2000 105
[LIFT 1] 1290 1234 0 25
[LIFT 2] 3170 3310 1000 90
[LIFT 1] 1290 1234 0 25
[LIFT 2] 3170 3310 0 70
[LIFT 1] 1290 1234 0 25
[LIFT 2] 3170 3310 0 70
[LIFT 1] 1290 1234 0 25
[LIFT 2] 3170 3310 0 70
[LIFT 1] 1290 1234 0 25
[LIFT 2] 3170 3310 0 70
[LIFT 1] 1290 1234 0 25
[LIFT 2] 3170 3290 -2000 20
[LIFT 1] 1290 1234 0 25
[LIFT 2] 3170 3270 -2000 10
[LIFT 1] 1290 1234 0 25
[LIFT 2] 3170 3250 -2000 0
[LIFT 1] 1290 1234 0 25
[LIFT 2] 3170 3230 -2000 -10
[LIFT 1] 1290 1234 0 25
[LIFT 2] 3170 3200 -3000 -45
[LIFT 1] 1290 1234 0 25
[LIFT 2] 3170 3190 -1000 -10
[LIFT 1] 1290 1236 200 22
[LIFT 2] 3170 3180 -1000 -15
[LIFT 1] 1290 1236 0 24
[LIFT 2] 3170 3160 -2000 -45
[LIFT 1] 1290 1237 100 22
[LIFT 2] 3170 3150 -1000 -30
[LIFT 1] 1290 1241 400 18
[LIFT 2] 3170 3150 0 -10
[LIFT 1] 1290 1245 400 16
[LIFT 2] 3170 3130 -2000 -60
[LIFT 1] 1290 1248 300 15
[LIFT 2] 3170 3130 0 -20
[LIFT 1] 1290 1252 400 13
[LIFT 2] 3170 3120 -1000 -45
[LIFT 1] 1290 1260 800 5
[LIFT 2] 3170 3120 0 -25
[LIFT 1] 1290 1265 500 6
[LIFT 2] 3170 3120 0 -25
[LIFT 1] 1290 1271 600 2
[LIFT 2] 3170 3120 0 -25
[LIFT 1] 1290 1274 300 4
[LIFT 2] 3170 3120 0 -25
[LIFT 1] 1290 1280 600 -1
[LIFT 2] 3170 3120 0 -25
[LIFT 1] 1290 1283 300 0
[LIFT 2] 3170 3120 0 -25
[LIFT 1] 1290 1289 600 -5
[LIFT 2] 3170 3120 0 -25
[LIFT 1] 1290 1291 200 -2
[LIFT 2] 3170 3130 1000 0
[LIFT 1] 1290 1287 -400 5
[LIFT 2] 3170 3130 0 -20
[LIFT 1] 1290 1280 -700 11
[LIFT 2] 3170 3150 2000 30
[LIFT 1] 1290 1276 -400 10
[LIFT 2] 3170 3150 0 -10
[LIFT 1] 1290 1272 -400 12
[LIFT 2] 3170 3160 1000 15
[LIFT 1] 1290 1272 0 8
[LIFT 2] 3170 3170 1000 20
[LIFT 1] 1290 1274 200 5
[LIFT 2] 3170 3190 2000 50
[LIFT 1] 1290 1274 0 7
[LIFT 2] 3170 3200 1000 35
[LIFT 1] 1290 1276 200 4
[LIFT 2] 3170 3210 1000 40
[LIFT 1] 1290 1278 200 3
[LIFT 2] 3170 3230 2000 70
[LIFT 1] 1290 1280 200 2
[LIFT 2] 3170 3250 2000 80
[LIFT 1] 1290 1280 0 4
[LIFT 2] 3170 3260 1000 65
[LIFT 1] 1290 1282 200 1
[LIFT 2] 3170 3270 1000 70
[LIFT 1] 1290 1282 0 3
[LIFT 2] 3170 3280 1000 75
[LIFT 1] 1290 1282 0 3
[LIFT 2] 3170 3290 1000 80
[LIFT 1] 1290 1280 -200 6
[LIFT 2] 3170 3290 0 60
[LIFT 1] 1290 1280 0 4
[LIFT 2] 3170 3290 0 60
[LIFT 1] 1290 1278 -200 7
[LIFT 2] 3170 3290 0 60
[LIFT 1] 1290 1276 -200 8
[LIFT 2] 3170 3290 0 60
[LIFT 1] 1290 1274 -200 9
[LIFT 2] 3170 3270 -2000 10
[LIFT 1] 1290 1272 -200 10
[LIFT 2] 3170 3260 -1000 25
[LIFT 1] 1290 1271 -100 9
[LIFT 2] 3170 3250 -1000 20
[LIFT 1] 1290 1267 -400 14
[LIFT 2] 3170 3230 -2000 -10
[LIFT 1] 1290 1265 -200 13
[LIFT 2] 3170 3230 0 30
[LIFT 1] 1290 1265 0 11
[LIFT 2] 3170 3220 -1000 5
[LIFT 1] 1290 1263 -200 14
[LIFT 2] 3170 3210 -1000 0
[LIFT 1] 1290 1263 0 12
[LIFT 2] 3170 3200 -1000 -5
[LIFT 1] 1290 1263 0 12
[LIFT 2] 3170 3190 -1000 -10
[LIFT 1] 1290 1263 0 12
[LIFT 2] 3170 3190 0 10
[LIFT 1] 1290 1263 0 12
[LIFT 2] 3170 3190 0 10
[LIFT 1] 1290 1263 0 12
[LIFT 2] 3170 3180 -1000 -15
[LIFT 1] 1290 1263 0 12
[LIFT 2] 3170 3180 0 5
[LIFT 1] 1290 1263 0 12
[LIFT 2] 3170 3170 -1000 -20
[LIFT 1] 1290 1263 0 12
[LIFT 2] 3170 3170 0 0
[LIFT 1] 1290 1263 0 12
[LIFT 2] 3170 3170 0 0
[LIFT 1] 1290 1263 0 12
[LIFT 2] 3170 3170 0 0
[LIFT 1] 1290 1263 0 12
[LIFT 2] 3170 3170 0 0
[LIFT 1] 1290 1263 0 12
[LIFT 2] 3170 3180 1000 25
[LIFT 1] 1290 1263 0 12
[LIFT 2] 3170 3180 0 5
[LIFT 1] 1290 1263 0 12
[LIFT 2] 3170 3180 0 5
[LIFT 1] 1290 1263 0 12
[LIFT 2] 3170 3180 0 5
[LIFT 1] 1290 1263 0 12
[LIFT 2] 3170 3190 1000 30
[LIFT 1] 1290 1263 0 12
[LIFT 2] 3170 3190 0 10
[LIFT 1] 1290 1263 0 12
[LIFT 2] 3170 3190 0 10
[LIFT 1] 1290 1263 0 12
[LIFT 2] 3170 3190 0 10
[LIFT 1] 1290 1263 0 12
[LIFT 2] 3170 3190 0 10
[LIFT 1] 1290 1263 0 12
[LIFT 2] 3170 3190 0 10
[LIFT 1] 1290 1263 0 12
[LIFT 2] 3170 3190 0 10
[LIFT 1] 1290 1263 0 12
[LIFT 2] 3170 3190 0 10
[LIFT 1] 1290 1263 0 12
[LIFT 2] 3170 3190 0 10
[LIFT 1] 1290 1263 0 12
[LIFT 2] 3170 3180 -1000 -15
[LIFT 1] 1290 1263 0 12
[LIFT 2] 3170 3180 0 5
[LIFT 1] 1290 1263 0 12
[LIFT 2] 3170 3180 0 5
[LIFT 1] 1290 1263 0 12
[LIFT 2] 3170 3170 -1000 -20
