we're here
4
13 13 100
13 15 100
13 20 100
13 25 100
13 32 100
13 40 100
13 48 100
13 55 100
13 63 100
13 71 100
13 79 100
13 87 100
13 96 100
13 104 100
13 112 100
13 120 100
13 128 100
13 134 100
13 141 100
13 147 100
13 153 100
13 155 100
13 157 100
13 158 100
13 158 100
13 158 100
13 158 100
13 158 100
13 158 100
13 161 100
13 163 100
13 164 100
13 164 100
13 164 100
13 164 100
13 164 100
13 164 100
13 164 100
13 164 100
13 164 100
13 164 100
13 164 100
13 164 100
13 164 100
13 164 100
13 164 100
13 164 100
13 164 100
13 164 100
13 164 100
13 164 100
13 164 100
13 164 100
13 164 100
13 165 100
13 167 100
13 169 100
13 171 100
13 173 100
13 174 100
13 174 100
13 174 100
13 174 100
13 174 100
13 176 100
13 178 100
13 180 100
13 181 100
13 182 100
13 182 100
13 183 100
13 183 100
13 183 100
13 183 100
13 183 100
13 183 100
