we're here
4
97 97 0
97 97 0
97 97 0
97 97 0
97 97 0
97 97 0
97 97 0
97 97 0
97 97 0
97 97 0
97 97 0
97 97 0
97 97 0
97 97 0
97 97 0
97 97 0
97 97 0
97 97 0
97 97 0
97 97 0
97 97 0
97 97 0
97 97 0
97 97 0
97 97 0
97 97 0
97 97 0
97 97 0
97 97 0
97 97 0
97 97 0
97 97 0
97 97 0
97 97 0
97 97 0
97 97 0
97 97 0
97 97 0
97 97 0
97 97 0
97 97 0
97 97 0
97 97 0
97 97 0
97 97 0
97 97 0
97 97 0
97 97 0
97 97 0
97 97 0
97 97 0
97 97 0
97 97 0
97 97 0
97 97 0
97 97 0
97 97 0
97 97 0
97 97 0
97 97 0
97 96 0
97 93 0
97 90 0
97 87 1
97 84 1
97 80 1
97 77 2
97 74 2
97 71 2
97 69 2
97 67 3
97 65 3
97 64 3
97 63 3
97 62 3
97 61 3
97 61 3
97 61 3
97 61 3
97 61 3
97 61 3
97 61 3
97 61 3
97 61 3
97 61 3
97 61 3
97 61 3
97 61 3
97 60 3
97 60 3
97 60 3
97 60 3
97 60 3
97 60 3
97 60 3
97 60 3
97 60 3
97 60 3
97 60 3
97 60 3
97 60 3
97 60 3
97 60 3
97 60 3
97 60 3
97 60 3
97 60 3
97 60 3
97 60 3
97 60 3
97 60 3
97 60 3
97 60 3
97 60 3
97 60 3
97 60 3
97 60 3
97 60 3
97 60 3
97 60 3
97 60 3
97 60 3
97 60 3
97 60 3
97 60 3
97 60 3
97 60 3
97 62 3
97 63 3
97 65 3
97 67 3
97 70 2
97 73 2
97 75 2
97 75 2
97 74 2
97 72 2
97 68 2
97 65 3
97 62 3
97 58 3
97 52 4
97 47 5
97 40 5
97 34 6
97 28 6
97 21 7
97 13 8
97 6 9
97 3 9
97 4 9
97 5 9
97 5 9
97 6 9
97 6 9
97 6 9
97 6 9
97 6 9
97 6 9
97 6 9
97 6 9
97 6 9
97 6 9
97 6 9
97 6 9
97 6 9
97 6 9
97 6 9
97 6 9
97 6 9
97 6 9
97 6 9
97 6 9
97 6 9
97 6 9
97 6 9
97 6 9
97 6 9
97 6 9
97 6 9
97 6 9
97 6 9
97 6 9
97 6 9
97 6 9
97 6 9
97 6 9
97 6 9
97 6 9
97 6 9
97 6 9
97 6 9
97 6 9
97 6 9
97 6 9
97 6 9
97 6 9
97 6 9
97 6 9
97 6 9
97 6 9
97 6 9
97 6 9
97 6 9
97 6 9
97 6 9
97 6 9
97 6 9
97 6 9
97 6 9
97 6 9
97 6 9
97 6 9
97 6 9
97 6 9
97 6 9
97 6 9
97 6 9
97 6 9
97 6 9
97 6 9
97 6 9
97 6 9
97 6 9
97 6 9
97 6 9
97 6 9
97 6 9
97 6 9
97 6 9
97 6 9
97 6 9
97 6 9
97 6 9
97 6 9
97 6 9
97 6 9
