we're here
4
33 33 0 0
33 33 0 0
33 33 0 0
33 33 0 0
33 33 0 0
33 33 0 0
33 33 0 0
33 33 0 0
33 33 0 0
33 33 0 0
33 33 0 0
33 33 0 0
33 33 0 0
33 33 0 0
33 33 0 0
33 33 0 0
33 33 0 0
33 33 0 0
33 33 0 0
33 33 0 0
33 33 0 0
33 33 0 0
33 33 0 0
33 33 0 0
33 33 0 0
33 33 0 0
33 33 0 0
33 33 0 0
33 33 0 0
33 33 0 0
33 33 0 0
33 33 0 0
33 33 0 0
33 33 0 0
33 33 0 0
33 33 0 0
33 33 0 0
33 33 0 0
33 33 0 0
33 33 0 0
33 33 0 0
33 33 0 0
33 33 0 0
33 33 0 0
33 33 0 0
33 33 0 0
33 33 0 0
33 33 0 0
33 33 0 0
33 33 0 0
33 33 0 0
33 33 0 0
33 32 0 0
33 32 0 0
33 32 0 0
33 32 0 0
33 32 0 0
33 32 0 0
33 32 0 0
33 32 0 0
33 32 0 0
33 32 0 0
33 32 0 0
33 32 0 0
33 32 0 0
33 32 0 0
33 32 0 0
33 32 0 0
33 32 0 0
33 33 0 0
33 34 0 0
33 35 0 0
33 35 0 0
33 35 0 0
33 35 0 0
33 35 0 0
33 35 0 0
33 35 0 0
33 35 0 0
33 35 0 0
33 35 0 0
33 35 0 0
33 35 0 0
33 34 0 0
33 32 0 0
33 31 0 0
33 30 0 0
33 25 0 0
33 21 0 1
33 19 0 1
33 18 0 1
33 17 0 1
33 17 0 1
33 17 0 1
33 17 0 1
33 17 0 1
33 15 0 1
33 13 0 2
33 10 0 2
33 8 0 2
33 7 0 2
33 7 0 2
33 7 0 2
33 7 0 2
33 7 0 2
33 7 0 2
33 7 0 2
33 7 0 2
33 7 0 2
33 7 0 2
33 7 0 2
33 7 0 2
33 7 0 2
33 7 0 2
33 7 0 2
33 7 0 2
33 7 0 2
33 7 0 2
33 7 0 2
33 7 0 2
33 7 0 2
33 7 0 2
33 7 0 2
33 7 0 2
33 7 0 2
33 7 0 2
33 7 0 2
33 7 0 2
33 7 0 2
33 7 0 2
33 7 0 2
33 7 0 2
33 7 0 2
33 7 0 2
33 7 0 2
33 7 0 2
33 7 0 2
33 7 0 2
33 7 0 2
33 7 0 2
33 7 0 2
33 7 0 2
33 7 0 2
33 7 0 2
33 7 0 2
33 7 0 2
33 7 0 2
33 7 0 2
33 7 0 2
33 7 0 2
33 7 0 2
33 8 0 2
33 8 0 2
33 8 0 2
33 8 0 2
33 8 0 2
33 8 0 2
33 8 0 2
33 8 0 2
33 8 0 2
33 8 0 2
33 8 0 2
33 8 0 2
33 8 0 2
33 8 0 2
33 8 0 2
33 8 0 2
33 8 0 2
33 10 0 2
33 13 0 2
33 17 0 1
33 21 0 1
33 24 0 0
33 26 0 0
33 27 0 0
33 27 0 0
33 28 0 0
33 30 0 0
33 32 0 0
33 34 0 0
33 36 0 0
33 38 0 0
33 41 0 0
33 44 0 -1
33 48 0 -1
33 48 0 -1
33 48 0 -1
33 49 0 -1
33 46 0 -1
33 41 0 0
33 37 0 0
33 33 0 0
33 27 0 0
33 20 0 1
33 14 0 1
33 9 0 2
33 3 0 3
33 0 0 3
33 0 0 3
33 0 0 3
33 0 0 3
33 0 0 3
33 0 0 3
33 0 0 3
33 0 0 3
33 1 0 3
33 3 0 3
33 7 0 2
33 12 0 2
33 17 0 1
33 24 0 0
33 30 0 0
33 36 0 0
33 42 0 0
33 46 0 -1
33 46 0 -1
33 43 0 -1
33 40 0 0
33 39 0 0
33 36 0 0
33 31 0 0
33 28 0 0
33 24 0 0
33 20 0 1
33 20 0 1
33 20 0 1
33 19 0 1
33 17 0 1
33 17 0 1
33 16 0 1
33 17 0 1
33 16 0 1
33 14 0 1
33 16 0 1
33 17 0 1
33 16 0 1
33 16 0 1
33 15 0 1
33 15 0 1
33 17 0 1
33 16 0 1
33 16 0 1
33 17 0 1
33 17 0 1
33 15 0 1
33 13 0 2
33 11 0 2
33 8 0 2
33 4 0 2
33 0 0 3
33 0 0 3
33 0 0 3
33 0 0 3
33 0 0 3
33 0 0 3
33 0 0 3
33 0 0 3
33 0 0 3
33 0 0 3
33 0 0 3
33 0 0 3
33 0 0 3
33 0 0 3
33 0 0 3
33 0 0 3
33 0 0 3
33 0 0 3
33 0 0 3
33 0 0 3
33 0 0 3
33 0 0 3
33 0 0 3
33 2 0 3
33 4 0 2
33 7 0 2
33 11 0 2
33 14 0 1
33 18 0 1
33 24 0 0
33 30 0 0
33 32 0 0
33 32 0 0
33 31 0 0
33 31 0 0
33 30 0 0
33 28 0 0
33 26 0 0
33 24 0 0
33 20 0 1
33 16 0 1
33 11 0 2
33 7 0 2
33 2 0 3
33 0 0 3
33 -1 0 3
33 0 0 3
33 0 0 3
33 0 0 3
33 0 0 3
33 0 0 3
33 0 0 3
33 0 0 3
33 0 0 3
33 0 0 3
33 2 0 3
33 4 0 2
33 7 0 2
33 11 0 2
33 15 0 1
33 20 0 1
33 25 0 0
33 30 0 0
33 36 0 0
33 40 0 0
33 45 0 -1
33 49 0 -1
33 52 0 -1
33 55 0 -2
33 58 0 -2
33 60 0 -2
33 62 0 -2
33 63 0 -3
33 63 0 -3
33 63 0 -3
33 62 0 -2
33 62 0 -2
33 62 0 -2
33 62 0 -2
33 62 0 -2
33 62 0 -2
33 62 0 -2
33 62 0 -2
33 62 0 -2
33 62 0 -2
33 62 0 -2
33 62 0 -2
33 62 0 -2
33 62 0 -2
33 62 0 -2
33 62 0 -2
33 62 0 -2
33 62 0 -2
33 62 0 -2
33 62 0 -2
33 62 0 -2
33 62 0 -2
33 62 0 -2
33 62 0 -2
33 62 0 -2
33 62 0 -2
33 62 0 -2
33 62 0 -2
33 62 0 -2
33 62 0 -2
33 61 0 -2
33 57 0 -2
33 53 0 -2
33 47 0 -1
33 40 0 0
33 33 0 0
33 27 0 0
33 21 0 1
33 15 0 1
33 10 0 2
33 5 0 2
33 1 0 3
33 0 0 3
33 0 0 3
33 0 0 3
33 0 0 3
33 0 0 3
33 2 0 3
33 4 0 2
33 6 0 2
33 9 0 2
33 12 0 2
33 16 0 1
33 21 0 1
33 28 0 0
33 33 0 0
33 35 0 0
33 36 0 0
33 36 0 0
33 36 0 0
33 35 0 0
33 32 0 0
33 29 0 0
33 25 0 0
33 21 0 1
33 17 0 1
33 12 0 2
33 7 0 2
33 3 0 3
33 0 0 3
33 0 0 3
33 0 0 3
33 0 0 3
33 0 0 3
33 0 0 3
33 0 0 3
33 0 0 3
33 2 0 3
33 4 0 2
33 7 0 2
33 10 0 2
33 13 0 2
33 16 0 1
33 19 0 1
33 22 0 1
33 27 0 0
33 33 0 0
33 39 0 0
33 43 0 -1
33 44 0 -1
33 44 0 -1
33 43 0 -1
33 41 0 0
33 40 0 0
33 38 0 0
33 34 0 0
33 29 0 0
33 24 0 0
33 21 0 1
33 16 0 1
33 14 0 1
33 13 0 2
33 11 0 2
33 8 0 2
33 7 0 2
33 5 0 2
33 3 0 3
33 2 0 3
33 1 0 3
33 1 0 3
33 1 0 3
33 1 0 3
33 1 0 3
33 1 0 3
33 1 0 3
33 1 0 3
33 1 0 3
33 1 0 3
33 1 0 3
33 1 0 3
33 1 0 3
33 1 0 3
33 1 0 3
33 1 0 3
33 1 0 3
33 1 0 3
33 1 0 3
33 1 0 3
33 1 0 3
33 1 0 3
33 1 0 3
33 1 0 3
33 1 0 3
33 1 0 3
33 1 0 3
33 1 0 3
33 1 0 3
33 1 0 3
33 1 0 3
33 1 0 3
33 1 0 3
33 1 0 3
33 1 0 3
33 1 0 3
33 1 0 3
33 1 0 3
33 1 0 3
33 1 0 3
33 1 0 3
33 1 0 3
33 1 0 3
33 1 0 3
33 1 0 3
33 1 0 3
33 1 0 3
33 1 0 3
33 1 0 3
