we're here
4
72 72 0 0
72 72 0 0
72 72 0 0
72 72 0 0
72 72 0 0
72 72 0 0
72 72 0 0
72 72 0 0
72 72 0 0
72 72 0 0
72 72 0 0
72 72 0 0
72 72 0 0
72 72 0 0
72 72 0 0
72 72 0 0
72 72 0 0
72 72 0 0
72 72 0 0
72 72 0 0
72 72 0 0
72 72 0 0
72 72 0 0
72 72 0 0
72 72 0 0
72 72 0 0
72 72 0 0
72 72 0 0
72 72 0 0
72 72 0 0
72 72 0 0
72 72 0 0
72 72 0 0
72 71 -20 2
72 71 0 0
72 71 0 0
72 71 0 0
72 71 0 0
72 71 0 0
72 71 0 0
72 71 0 0
72 71 0 0
72 69 -40 4
72 65 -80 8
72 62 -60 7
72 60 -40 5
72 57 -60 7
72 55 -40 5
72 54 -20 3
72 53 -20 3
72 51 -40 6
72 48 -60 8
72 45 -60 8
72 42 -60 9
72 40 -40 7
72 38 -40 7
72 36 -40 7
72 34 -40 7
72 32 -40 8
72 31 -20 6
72 29 -40 8
72 26 -60 10
72 25 -20 6
72 23 -40 8
72 22 -20 7
72 20 -40 9
72 19 -20 7
72 18 -20 7
72 16 -40 9
72 14 -40 9
72 12 -40 10
72 10 -40 10
72 9 -20 8
72 8 -20 8
72 8 0 6
72 8 0 6
72 8 0 6
72 8 0 6
72 8 0 6
72 8 0 6
72 8 0 6
72 8 0 6
72 8 0 6
72 8 0 6
72 8 0 6
72 8 0 6
72 8 0 6
72 8 0 6
72 8 0 6
72 8 0 6
72 8 0 6
72 8 0 6
72 8 0 6
72 8 0 6
72 8 0 6
72 8 0 6
72 8 0 6
72 8 0 6
72 8 0 6
72 8 0 6
72 8 0 6
72 9 20 4
72 9 0 6
72 9 0 6
72 9 0 6
72 9 0 6
72 9 0 6
72 9 0 6
72 9 0 6
72 9 0 6
72 9 0 6
72 9 0 6
72 9 0 6
72 9 0 6
72 9 0 6
72 9 0 6
72 9 0 6
72 9 0 6
72 9 0 6
72 9 0 6
72 9 0 6
72 9 0 6
72 9 0 6
72 9 0 6
72 9 0 6
72 9 0 6
72 9 0 6
72 9 0 6
72 9 0 6
72 9 0 6
72 9 0 6
72 9 0 6
72 9 0 6
72 9 0 6
72 9 0 6
72 9 0 6
72 9 0 6
72 9 0 6
72 9 0 6
72 9 0 6
72 9 0 6
72 9 0 6
72 9 0 6
72 9 0 6
72 12 60 0
72 16 80 -2
72 20 80 -2
72 23 60 -1
72 23 0 4
72 23 0 4
72 23 0 4
72 26 60 -1
72 25 -20 6
72 26 20 2
72 27 20 2
72 29 40 0
72 32 60 -2
72 35 60 -2
72 38 60 -2
72 41 60 -2
72 44 60 -3
72 46 40 -1
72 47 20 0
72 48 20 0
72 47 -20 4
72 46 -20 4
72 44 -40 6
72 42 -40 7
72 39 -60 9
72 37 -40 7
72 35 -40 7
72 34 -20 5
72 33 -20 5
72 33 0 3
72 32 -20 6
72 32 0 4
72 32 0 4
72 32 0 4
72 32 0 4
72 32 0 4
72 32 0 4
72 32 0 4
72 32 0 4
72 32 0 4
72 32 0 4
72 32 0 4
72 32 0 4
72 32 0 4
72 32 0 4
72 32 0 4
72 32 0 4
72 32 0 4
72 32 0 4
72 32 0 4
72 32 0 4
72 32 0 4
72 32 0 4
72 32 0 4
72 32 0 4
72 32 0 4
72 32 0 4
72 32 0 4
72 32 0 4
72 32 0 4
72 32 0 4
72 32 0 4
72 32 0 4
72 32 0 4
72 32 0 4
72 32 0 4
72 32 0 4
72 32 0 4
72 32 0 4
72 32 0 4
72 32 0 4
72 32 0 4
72 32 0 4
72 32 0 4
72 32 0 4
72 32 0 4
72 32 0 4
72 32 0 4
72 32 0 4
72 32 0 4
72 32 0 4
72 32 0 4
72 32 0 4
72 32 0 4
72 32 0 4
72 32 0 4
72 32 0 4
72 32 0 4
72 32 0 4
72 32 0 4
72 32 0 4
72 32 0 4
72 32 0 4
72 32 0 4
72 32 0 4
72 32 0 4
72 32 0 4
72 32 0 4
72 32 0 4
72 32 0 4
72 32 0 4
72 32 0 4
72 32 0 4
72 32 0 4
72 32 0 4
72 32 0 4
72 32 0 4
72 32 0 4
72 32 0 4
72 32 0 4
72 32 0 4
72 32 0 4
72 32 0 4
72 32 0 4
72 32 0 4
72 32 0 4
72 32 0 4
72 32 0 4
72 32 0 4
72 32 0 4
72 32 0 4
72 32 0 4
72 32 0 4
72 32 0 4
72 32 0 4
72 32 0 4
72 32 0 4
72 32 0 4
72 32 0 4
72 32 0 4
72 32 0 4
72 32 0 4
72 32 0 4
72 33 20 1
72 38 100 -6
72 45 140 -11
72 50 100 -7
72 52 40 -2
72 52 0 2
72 54 40 -2
72 56 40 -2
72 56 0 1
72 54 -40 5
72 51 -60 8
72 47 -80 10
72 45 -40 6
72 43 -40 6
72 40 -60 9
72 37 -60 9
72 35 -40 7
72 32 -60 10
72 30 -40 8
72 27 -60 10
72 25 -40 8
72 23 -40 8
72 22 -20 7
72 20 -40 9
72 19 -20 7
72 18 -20 7
72 17 -20 7
72 15 -40 9
72 14 -20 7
72 13 -20 7
72 13 0 5
72 13 0 5
72 13 0 5
72 13 0 5
72 13 0 5
72 13 0 5
72 13 0 5
72 13 0 5
72 13 0 5
72 13 0 5
72 13 0 5
72 13 0 5
72 13 0 5
72 13 0 5
72 13 0 5
72 13 0 5
72 13 0 5
72 13 0 5
72 13 0 5
72 13 0 5
72 13 0 5
72 13 0 5
72 13 0 5
72 13 0 5
72 13 0 5
72 13 0 5
72 13 0 5
72 13 0 5
72 13 0 5
72 13 0 5
72 13 0 5
72 13 0 5
72 13 0 5
72 13 0 5
72 13 0 5
72 13 0 5
72 13 0 5
72 13 0 5
72 13 0 5
72 13 0 5
72 13 0 5
72 13 0 5
72 13 0 5
72 13 0 5
72 13 0 5
72 13 0 5
72 13 0 5
72 13 0 5
72 13 0 5
