[MOBILE_GOAL] 0 3270 1284 0 -127
[MOBILE_GOAL] 10 3270 1283 -100 -127
[MOBILE_GOAL] 20 3270 1284 100 -127
[MOBILE_GOAL] 30 3270 1283 -100 -127
[MOBILE_GOAL] 40 3270 1284 100 -127
[MOBILE_GOAL] 50 3270 1284 0 -127
[MOBILE_GOAL] 60 3270 1284 0 -127
[MOBILE_GOAL] 70 3270 1283 -100 -127
[MOBILE_GOAL] 80 3270 1284 100 -127
[MOBILE_GOAL] 90 3270 1284 0 -127
[MOBILE_GOAL] 100 3270 1284 0 -127
[MOBILE_GOAL] 110 3270 1285 100 -127
[MOBILE_GOAL] 120 3270 1284 -100 -127
[MOBILE_GOAL] 130 3270 1284 0 -127
[MOBILE_GOAL] 140 3270 1284 0 -127
[MOBILE_GOAL] 150 3270 1284 0 -127
[MOBILE_GOAL] 160 3270 1284 0 -127
[MOBILE_GOAL] 170 3270 1284 0 -127
[MOBILE_GOAL] 180 3270 1284 0 -127
[MOBILE_GOAL] 190 3270 1286 200 -127
[MOBILE_GOAL] 200 3270 1287 100 -127
[MOBILE_GOAL] 210 3270 1288 100 -127
[MOBILE_GOAL] 220 3270 1288 0 -127
[MOBILE_GOAL] 230 3270 1289 100 -127
[MOBILE_GOAL] 240 3270 1289 0 -127
[MOBILE_GOAL] 250 3270 1295 600 -127
[MOBILE_GOAL] 260 3270 1304 900 -127
[MOBILE_GOAL] 270 3270 1318 1400 -127
[MOBILE_GOAL] 280 3270 1327 900 -127
[MOBILE_GOAL] 290 3270 1337 1000 -127
[MOBILE_GOAL] 300 3270 1349 1200 -127
[MOBILE_GOAL] 310 3270 1353 400 -127
[MOBILE_GOAL] 320 3270 1360 700 -127
[MOBILE_GOAL] 330 3270 1364 400 -127
[MOBILE_GOAL] 340 3270 1371 700 -127
[MOBILE_GOAL] 350 3270 1375 400 -127
[MOBILE_GOAL] 360 3270 1384 900 -127
[MOBILE_GOAL] 370 3270 1390 600 -127
[MOBILE_GOAL] 380 3270 1395 500 -127
[MOBILE_GOAL] 390 3270 1401 600 -127
[MOBILE_GOAL] 400 3270 1408 700 -127
[MOBILE_GOAL] 410 3270 1416 800 -127
[MOBILE_GOAL] 420 3270 1423 700 -127
[MOBILE_GOAL] 430 3270 1428 500 -127
[MOBILE_GOAL] 440 3270 1434 600 -127
[MOBILE_GOAL] 450 3270 1438 400 -127
[MOBILE_GOAL] 460 3270 1444 600 -127
[MOBILE_GOAL] 470 3270 1448 400 -127
[MOBILE_GOAL] 480 3270 1456 800 -127
[MOBILE_GOAL] 490 3270 1461 500 -127
[MOBILE_GOAL] 500 3270 1473 1200 -127
[MOBILE_GOAL] 510 3270 1477 400 -127
[MOBILE_GOAL] 520 3270 1483 600 -127
[MOBILE_GOAL] 530 3270 1489 600 -127
[MOBILE_GOAL] 540 3270 1497 800 -127
[MOBILE_GOAL] 550 3270 1504 700 -127
[MOBILE_GOAL] 560 3270 1509 500 -127
[MOBILE_GOAL] 570 3270 1515 600 -127
[MOBILE_GOAL] 580 3270 1526 1100 -126
[MOBILE_GOAL] 590 3270 1534 800 -127
[MOBILE_GOAL] 600 3270 1542 800 -127
[MOBILE_GOAL] 610 3270 1550 800 -127
[MOBILE_GOAL] 620 3270 1561 1100 -122
[MOBILE_GOAL] 630 3270 1573 1200 -118
[MOBILE_GOAL] 640 3270 1580 700 -127
[MOBILE_GOAL] 650 3270 1591 1100 -119
[MOBILE_GOAL] 660 3270 1604 1300 -112
[MOBILE_GOAL] 670 3270 1617 1300 -111
[MOBILE_GOAL] 680 3270 1629 1200 -113
[MOBILE_GOAL] 690 3270 1641 1200 -111
[MOBILE_GOAL] 700 3270 1657 1600 -98
[MOBILE_GOAL] 710 3270 1672 1500 -99
[MOBILE_GOAL] 720 3270 1689 1700 -92
[MOBILE_GOAL] 730 3270 1701 1200 -105
[MOBILE_GOAL] 740 3270 1717 1600 -92
[MOBILE_GOAL] 750 3270 1730 1300 -100
[MOBILE_GOAL] 760 3270 1749 1900 -80
[MOBILE_GOAL] 770 3270 1761 1200 -99
[MOBILE_GOAL] 780 3270 1775 1400 -92
[MOBILE_GOAL] 790 3270 1792 1700 -81
[MOBILE_GOAL] 800 3270 1811 1900 -73
[MOBILE_GOAL] 810 3270 1826 1500 -84
[MOBILE_GOAL] 820 3270 1843 1700 -76
[MOBILE_GOAL] 830 3270 1858 1500 -81
[MOBILE_GOAL] 840 3270 1875 1700 -73
[MOBILE_GOAL] 850 3270 1895 2000 -62
[MOBILE_GOAL] 860 3270 1909 1400 -79
[MOBILE_GOAL] 870 3270 1928 1900 -62
[MOBILE_GOAL] 880 3270 1942 1400 -75
[MOBILE_GOAL] 890 3270 1956 1400 -74
[MOBILE_GOAL] 900 3270 1977 2100 -51
[MOBILE_GOAL] 910 3270 1995 1800 -58
[MOBILE_GOAL] 920 3270 2012 1700 -59
[MOBILE_GOAL] 930 3270 2032 2000 -48
[MOBILE_GOAL] 940 3270 2055 2300 -37
[MOBILE_GOAL] 950 3270 2074 1900 -47
[MOBILE_GOAL] 960 3270 2092 1800 -48
[MOBILE_GOAL] 970 3270 2112 2000 -40
[MOBILE_GOAL] 980 3270 2133 2100 -35
[MOBILE_GOAL] 990 3270 2155 2200 -30
[MOBILE_GOAL] 1000 3270 2175 2000 -34
[MOBILE_GOAL] 1010 3270 2199 2400 -20
[MOBILE_GOAL] 1020 3270 2215 1600 -42
[MOBILE_GOAL] 1030 3270 2234 1900 -31
[MOBILE_GOAL] 1040 3270 2246 1200 -51
[MOBILE_GOAL] 1050 3270 2263 1700 -34
[MOBILE_GOAL] 1060 3270 2279 1600 -36
[MOBILE_GOAL] 1070 3270 2301 2200 -15
[MOBILE_GOAL] 1080 3270 2318 1700 -29
[MOBILE_GOAL] 1090 3270 2348 3000 12
[MOBILE_GOAL] 1100 3270 2382 3400 28
[MOBILE_GOAL] 1110 3270 2418 3600 37
[MOBILE_GOAL] 1120 3270 2459 4100 56
[MOBILE_GOAL] 1130 3270 2491 3200 33
[MOBILE_GOAL] 1140 3270 2511 2000 0
[MOBILE_GOAL] 1150 3270 2523 1200 -23
[MOBILE_GOAL] 1160 3270 2525 200 -53
[MOBILE_GOAL] 1170 3270 2542 1700 -6
[MOBILE_GOAL] 1180 3270 2562 2000 4
[MOBILE_GOAL] 1190 3270 2589 2700 27
[MOBILE_GOAL] 1200 3270 2617 2800 33
[MOBILE_GOAL] 1210 3270 2645 2800 36
[MOBILE_GOAL] 1220 3270 2669 2400 26
[MOBILE_GOAL] 1230 3270 2693 2400 29
[MOBILE_GOAL] 1240 3270 2716 2300 28
[MOBILE_GOAL] 1250 3270 2732 1600 9
[MOBILE_GOAL] 1260 3270 2745 1300 1
[MOBILE_GOAL] 1270 3270 2751 600 -18
[MOBIOAL] 1320 3270 2749 0 -37
[MOBILE_GOAL] 1330 3270 2749 0 -37
[MOBILE_GOAL] 1340 3270 2749 0 -37
[MOBILE_GOAL] 1350 3270 2748 -100 -40
[MOBILE_GOAL] 1360 3270 2749 100 -34
[MOBILE_GOAL] 1370 3270 27400 3270 2749 0 -37
[MOBILE_GOAL] 1410 3270 2749 0 -37
[MOBILE_GOAL] 1420 3270 2749 0 -37
[MOBILE_GOAL] 1430 3270 2749 0 -37
[MOBILE_GOAL] 1440 3270 2752 300 -27
[MOBILE_GOAL] 1450 3270 2762 1000 -5
[MOBILE_GOAL] 1460 3270 2773 1100 -1
[MOBILE_GOAL] 1470 3270 2789 1600 14
[MOBILE_GOAL] 1480 3270 2806 1700 19
[MOBILE_GOAL] 1490 3270 2824 1800 24
[MOBILE_GOAL] 1500 3270 2837 1300 10
[MOBILE_GOAL] 1510 3270 2848 1100 5
[MOBILE_GOAL] 1520 3270 2861 1300 13
[MOBILE_GOAL] 1530 3270 2861 0 -25
[MOBILE_GOAL] 1540 3270 2862 100 -22
[MOBILE_GOAL] 1550 3270 2863 100 -22
[MOBILE_GOAL] 1560 3270 2862 -100 -28
[MOBILE_GOAL] 1570 3270 2863 100 -22
[MOBILE_GOAL] 1580 3270 2864 100 -22
[MOBILE_GOAL] 1590 3270 2867 300 -16
[MOBILE_GOAL] 1600 3270 2870 300 -16
[MOBILE_GOAL] 1610 3270 2872 200 -18
[MOBILE_GOAL] 1620 3270 2875 300 -15
[MOBILE_GOAL] 1630 3270 2881 600 -5
[MOBILE_GOAL] 1640 3270 2886 500 -8
[MOBILE_GOAL] 1650 3270 2890 400 -11
[MOBILE_GOAL] 1660 3270 2892 200 -16
[MOBILE_GOAL] 1670 3270 2900 800 2
[MOBILE_GOAL] 1680 3270 2903 300 -12
[MOBILE_GOAL] 1690 3270 2905 200 -15
[MOBILE_GOAL] 1700 3270 2908 300 -12
[MOBILE_GOAL] 1710 3270 2910 200 -15
[MOBILE_GOAL] 1720 3270 2914 400 -8
[MOBILE_GOAL] 1730 3270 2917 300 -11
[MOBILE_GOAL] 1740 3270 2919 200 -14
[MOBILE_GOAL] 1750 3270 2921 200 -13
[MOBILE_GOAL] 1760 3270 2923 200 -13
[MOBILE_GOAL] 1770 3270 2925 200 -13
[MOBILE_GOAL] 1780 3270 2927 200 -13
[MOBILE_GOAL] 1790 3270 2928 100 -16
[MOBILE_GOAL] 1800 3270 2930 200 -13
[MOBILE_GOAL] 1810 3270 2932 200 -12
[MOBILE_GOAL] 1820 3270 2934 200 -12
[MOBILE_GOAL] 1830 3270 2934 0 -18
[MOBILE_GOAL] 1840 3270 2936 200 -12
[MOBILE_GOAL] 1850 3270 2939 300 -9
[MOBILE_GOAL] 1860 3270 2941 200 -11
[MOBILE_GOAL] 1870 3270 2944 300 -8
[MOBILE_GOAL] 1880 3270 2945 100 -14
[MOBILE_GOAL] 1890 3270 2947 200 -11
[MOBILE_GOAL] 1900 3270 2947 0 -17
[MOBILE_GOAL] 1910 3270 2949 200 -11
[MOBILE_GOAL] 1920 3270 2950 100 -14
[MOBILE_GOAL] 1930 3270 2950 0 -17
[MOBILE_GOAL] 1940 3270 2951 100 -13
[MOBILE_GOAL] 1950 3270 2951 0 -16
[MOBILE_GOAL] 1960 3270 2952 100 -13
[MOBILE_GOAL] 1970 3270 2952 0 -16
[MOBILE_GOAL] 1980 3270 2951 -100 -19
[MOBILE_GOAL] 1990 3270 2953 200 -10
[MOBILE_GOAL] 2000 3270 2951 -200 -22
[MOBILE_GOAL] 2010 3270 2951 0 -16
[MOBILE_GOAL] 2020 3270 2953 200 -10
[MOBILE_GOAL] 2030 3270 2952 -100 -19
[MOBILE_GOAL] 2040 3270 2952 0 -16
[MOBILE_GOAL] 2050 3270 2954 200 -10
[MOBILE_GOAL] 2060 3270 2956 200 -10
[MOBILE_GOAL] 2070 3270 2958 200 -10
[MOBILE_GOAL] 2080 3270 2958 0 -16
[MOBILE_GOAL] 2090 3270 2957 -100 -19
[MOBILE_GOAL] 2100 3270 2958 100 -13
[MOBILE_GOAL] 2110 3270 2958 0 -16
[MOBILE_GOAL] 2120 3270 2959 100 -13
[MOBILE_GOAL] 2130 3270 2961 200 -9
[MOBILE_GOAL] 2140 3270 2961 0 -15
[MOBILE_GOAL] 2150 3270 2964 300 -6
[MOBILE_GOAL] 2160 3270 2965 100 -12
[MOBILE_GOAL] 2170 3270 2966 100 -12
[MOBILE_GOAL] 2180 3270 2967 100 -12
[MOBILE_GOAL] 2190 3270 2968 100 -12
[MOBILE_GOAL] 2200 3270 2969 100 -12
[MOBILE_GOAL] 2210 3270 2968 -100 -18
[MOBILE_GOAL] 2220 3270 2969 100 -12
[MOBILE_GOAL] 2230 3270 2969 0 -15
[MOBILE_GOAL] 2240 3270 2969 0 -15
[MOBILE_GOAL] 2250 3270 2969 0 -15
[MOBILE_GOAL] 2260 3270 2969 0 -15
[MOBILE_GOAL] 2270 3270 2971 200 -8
[MOBILE_GOAL] 2280 3270 2970 -100 -18
[MOBILE_GOAL] 2290 3270 2970 0 -15
[MOBILE_GOAL] 2300 3270 2971 100 -11
[MOBILE_GOAL] 2310 3270 2971 0 -14
[MOBILE_GOAL] 2320 3270 2970 -100 -18
[MOBILE_GOAL] 2330 3270 2971 100 -11
[MOBILE_GOAL] 2340 3270 2971 0 -14
[MOBILE_GOAL] 2350 3270 2972 100 -11
[MOBILE_GOAL] 2360 3270 2972 0 -14
[MOBILE_GOAL] 2370 3270 2971 -100 -17
[MOBILE_GOAL] 2380 3270 2972 100 -11
[MOBILE_GOAL] 2390 3270 2972 0 -14
[MOBILE_GOAL] 2400 3270 2971 -100 -17
[MOBILE_GOAL] 2410 3270 2971 0 -14
[MOBILE_GOAL] 2420 3270 2971 0 -14
[MOBILE_GOAL] 2430 3270 2972 100 -11
[MOBILE_GOAL] 2440 3270 2972 0 -14
[MOBILE_GOAL] 2450 3270 2972 0 -14
[MOBILE_GOAL] 2460 3270 2971 -100 -17
[MOBILE_GOAL] 2470 3270 2972 100 -11
[MOBILE_GOAL] 2480 3270 2971 -100 -17
[MOBILE_GOAL] 2490 3270 2973 200 -8
